 1.5 10.5 0
 1.807 9.95103 -0.154075


 1.5 10.5 0
 1.05205 10.7698 0.36615


 1.5 10.5 0
 1.47844 10.5438 -1.31447


 1.5 10.5 0
 1.47048 10.5891 -0.413444


 6.92504 4.66737 -0.337984
 7.42796 5.00892 -0.141808


 6.92504 4.66737 -0.337984
 6.79136 5.08269 -0.308744


 6.92504 4.66737 -0.337984
 6.92339 4.68255 1.04351


 5.70012 4.59086 0.210975
 5.69109 4.62544 -0.266017


 5.70012 4.59086 0.210975
 5.67647 4.26493 0.633712


 5.69109 4.62544 -0.266017
 5.78731 4.61688 -0.444296


 6.96938 4.27106 -0.952441
 6.92504 4.66737 -0.337984


 6.96938 4.27106 -0.952441
 6.7997 4.17554 -0.701339


 6.96938 4.27106 -0.952441
 7.27327 3.94434 -0.432815


 6.96938 4.27106 -0.952441
 7.47183 4.29067 -1.35879


 5.49499 5.49604 -0.0982982
 6.10158 5.16369 -0.0696289


 5.49499 5.49604 -0.0982982
 5.57717 5.49758 0.350791


 5.49499 5.49604 -0.0982982
 5.20321 5.56016 -0.411194


 5.49499 5.49604 -0.0982982
 5.86343 5.52418 -0.20946


 5.49499 5.49604 -0.0982982
 5.1846 5.73263 0.53318


 6.10158 5.16369 -0.0696289
 6.21409 4.81868 0.286285


 6.10158 5.16369 -0.0696289
 6.12348 5.3196 0.141197


 6.21409 4.81868 0.286285
 5.70012 4.59086 0.210975


 6.21409 4.81868 0.286285
 6.10065 4.64191 -0.137132


 6.21409 4.81868 0.286285
 6.09101 4.60783 0.451748


 6.21409 4.81868 0.286285
 6.15012 4.77939 0.931288


 6.79136 5.08269 -0.308744
 6.87859 5.30353 -0.407541


 5.86343 5.52418 -0.20946
 6.16622 5.54716 -0.825341


 6.92339 4.68255 1.04351
 7.06435 4.55123 0.449038


 6.92339 4.68255 1.04351
 7.43603 4.82352 1.3922


 6.92339 4.68255 1.04351
 6.53645 4.45243 1.55514


 6.33222 4.38583 -1.06964
 6.32518 4.82128 -0.789468


 6.33222 4.38583 -1.06964
 6.96938 4.27106 -0.952441


 6.33222 4.38583 -1.06964
 6.26319 3.8488 -1.39877


 6.33222 4.38583 -1.06964
 6.42949 4.3674 -2.28367


 6.33222 4.38583 -1.06964
 6.32436 4.53194 -1.47603


 7.42663 6.85752 -1.99191
 7.06159 6.98465 -2.63086


 7.42663 6.85752 -1.99191
 7.21834 6.60393 -1.23621


 7.06159 6.98465 -2.63086
 7.01067 6.63091 2.95507


 9.75039 8.33579 -2.70813
 9.29448 8.86425 -2.72426


 9.75039 8.33579 -2.70813
 10.203 8.75176 -2.52558


 9.29448 8.86425 -2.72426
 8.95891 9.14089 -2.18202


 9.29448 8.86425 -2.72426
 9.24029 8.67268 -1.71039


 9.29448 8.86425 -2.72426
 9.26495 9.18023 2.78161


 9.85645 5.36036 -2.75344
 9.89193 6.03828 -2.80776


 9.89193 6.03828 -2.80776
 9.67814 6.69482 -2.83885


 9.67814 6.69482 -2.83885
 9.41918 7.23413 -3.05436


 9.41918 7.23413 -3.05436
 9.7655 7.82459 -3.09733


 9.41918 7.23413 -3.05436
 8.92065 7.16099 -2.65005


 9.41918 7.23413 -3.05436
 9.29384 7.43073 -3.02169


 9.7655 7.82459 -3.09733
 9.93897 7.47082 -2.94047


 9.7655 7.82459 -3.09733
 9.75039 8.33579 -2.70813


 9.93897 7.47082 -2.94047
 9.82499 7.61355 -2.97903


 9.93897 7.47082 -2.94047
 9.87246 7.40823 2.11335


 10.203 8.75176 -2.52558
 10.4173 8.65721 -1.58197


 10.203 8.75176 -2.52558
 10.8174 8.72647 -2.70781


 10.203 8.75176 -2.52558
 10.126 9.30009 -2.221


 10.203 8.75176 -2.52558
 10.2595 8.85748 -2.53156


 10.4173 8.65721 -1.58197
 10.5693 9.16233 -1.22495


 8.92065 7.16099 -2.65005
 9.06657 7.26804 -1.59996


 8.92065 7.16099 -2.65005
 8.31448 6.94026 -2.52824


 8.95891 9.14089 -2.18202
 8.8078 8.76576 -2.45889


 8.95891 9.14089 -2.18202
 8.9408 9.40633 -2.09526


 10.8174 8.72647 -2.70781
 11.333 8.93803 -3.00527


 9.06657 7.26804 -1.59996
 8.93739 7.42178 -0.589555


 9.06657 7.26804 -1.59996
 8.85743 7.85985 -1.73732


 10.126 9.30009 -2.221
 9.99063 9.14802 3.05729


 8.31448 6.94026 -2.52824
 8.17007 7.46548 -2.85084


 8.17007 7.46548 -2.85084
 8.25109 8.03835 -2.92682


 8.93739 7.42178 -0.589555
 8.89203 7.89414 -0.126593


 8.93739 7.42178 -0.589555
 9.16513 6.82326 -0.720828


 8.89203 7.89414 -0.126593
 9.53736 8.14163 -0.156318


 8.89203 7.89414 -0.126593
 8.65466 8.55688 -0.130697


 13.0619 9.25965 -0.604036
 12.9519 9.22997 0.548367


 13.0619 9.25965 -0.604036
 13.503 9.61102 -0.888179


 12.9519 9.22997 0.548367
 12.4642 8.93194 0.817356


 12.9519 9.22997 0.548367
 13.1477 8.56857 0.58085


 12.1809 8.72275 -2.66809
 12.4648 8.78076 -1.83557


 12.1809 8.72275 -2.66809
 12.6868 8.91684 -2.99634


 12.4648 8.78076 -1.83557
 12.7246 8.85654 -0.964791


 12.4648 8.78076 -1.83557
 12.208 9.24688 -1.48787


 12.7246 8.85654 -0.964791
 13.0619 9.25965 -0.604036


 12.7246 8.85654 -0.964791
 13.2429 8.43521 -1.04085


 12.6868 8.91684 -2.99634
 13.1332 9.23128 -2.92415


 13.503 9.61102 -0.888179
 13.7609 9.3285 -1.53516


 13.1332 9.23128 -2.92415
 13.1921 9.30353 -2.89342


 10.5672 9.31488 -0.118053
 10.9983 8.87962 -0.304911


 10.5672 9.31488 -0.118053
 10.2766 9.73649 0.269894


 11.8671 9.25826 -2.83875
 11.867 9.3466 2.20907


 11.8671 9.25826 -2.83875
 12.1809 8.72275 -2.66809


 11.8671 9.25826 -2.83875
 12.3332 9.78675 -2.83606


 12.9459 10.1268 -2.84664
 13.5058 10.1013 -3.13775


 13.5058 10.1013 -3.13775
 13.6967 10.19 2.15453


 13.6967 10.19 2.15453
 14.1276 10.4022 1.70319


 6.81549 6.03348 -1.88905
 6.83506 6.04329 -1.20555


 6.81549 6.03348 -1.88905
 7.49231 6.19631 -1.90882


 6.81549 6.03348 -1.88905
 6.83452 5.98954 -1.64421


 6.81549 6.03348 -1.88905
 7.03752 5.76079 -1.96269


 6.81549 6.03348 -1.88905
 6.7174 5.94235 -2.26126


 6.83506 6.04329 -1.20555
 6.69408 6.0868 -1.28567


 6.83506 6.04329 -1.20555
 6.9318 5.89847 -1.04196


 6.27099 5.61754 -1.8474
 6.81549 6.03348 -1.88905


 6.27099 5.61754 -1.8474
 6.61084 5.47111 -1.38441


 6.27099 5.61754 -1.8474
 6.0551 6.02485 -2.0632


 7.49231 6.19631 -1.90882
 7.42663 6.85752 -1.99191


 7.49231 6.19631 -1.90882
 7.42727 6.21651 -2.53647


 7.21834 6.60393 -1.23621
 7.42858 6.76931 -0.359155


 7.21834 6.60393 -1.23621
 6.98368 6.82956 -1.45407


 7.42858 6.76931 -0.359155
 7.43368 6.32491 -0.589202


 7.43368 6.32491 -0.589202
 7.10592 5.91454 -0.439307


 6.98368 6.82956 -1.45407
 7.13111 6.6935 -1.51537


 7.01067 6.63091 2.95507
 7.46415 6.50314 3.12332


 7.01067 6.63091 2.95507
 6.70601 6.84191 -3.03219


 12.0985 10.207 -2.38666
 11.5392 10.3176 -2.11503


 12.0985 10.207 -2.38666
 12.4089 10.1028 -2.41927


 11.5392 10.3176 -2.11503
 11.3007 10.1457 -2.93903


 10.5693 9.16233 -1.22495
 10.5672 9.31488 -0.118053


 11.333 8.93803 -3.00527
 11.185 9.45179 2.93516


 11.333 8.93803 -3.00527
 11.8671 9.25826 -2.83875


 11.333 8.93803 -3.00527
 11.4061 8.91074 2.74784


 11.185 9.45179 2.93516
 11.3306 9.84721 2.36587


 12.3332 9.78675 -2.83606
 12.0985 10.207 -2.38666


 12.3332 9.78675 -2.83606
 12.9459 10.1268 -2.84664


 12.4089 10.1028 -2.41927
 12.7252 10.3572 -1.81919


 7.17723 4.4217 -1.49784
 7.44921 4.60783 -2.25072


 7.17723 4.4217 -1.49784
 7.14613 4.44786 -2.00933


 7.17723 4.4217 -1.49784
 6.96896 3.99254 -1.52507


 7.44921 4.60783 -2.25072
 7.34137 5.07239 -2.05673


 7.27327 3.94434 -0.432815
 7.47448 4.06865 0.0926197


 7.27327 3.94434 -0.432815
 7.40069 3.42233 -0.0954615


 7.47183 4.29067 -1.35879
 7.17723 4.4217 -1.49784


 7.47183 4.29067 -1.35879
 7.35787 3.88863 -1.93506


 6.61084 5.47111 -1.38441
 6.62431 5.45707 -1.81577


 6.61084 5.47111 -1.38441
 6.52777 5.86088 -1.41177


 6.75327 5.76183 -2.73314
 7.32367 5.45347 -2.84834


 6.75327 5.76183 -2.73314
 6.7907 5.67404 -2.91385


 7.32367 5.45347 -2.84834
 6.90335 5.23358 2.97153


 6.65219 4.40309 3.03857
 6.69488 4.75073 -2.88056


 6.65219 4.40309 3.03857
 6.07695 4.6498 -3.08441


 6.65219 4.40309 3.03857
 6.41221 4.56392 2.95706


 6.69488 4.75073 -2.88056
 7.06473 4.55343 -3.00466


 6.69488 4.75073 -2.88056
 6.55067 4.54387 -2.81024


 7.47448 4.06865 0.0926197
 7.35165 3.91122 0.101009


 6.05826 5.46488 -2.54472
 6.16224 5.33001 -2.35414


 6.16224 5.33001 -2.35414
 6.2114 5.2321 -2.35765


 7.31276 4.24734 2.12029
 7.36993 4.51674 2.70564


 7.31276 4.24734 2.12029
 7.31025 4.30967 1.94016


 7.36993 4.51674 2.70564
 7.46617 4.14196 2.95293


 9.58366 2.87731 0.58734
 9.90305 3.24034 0.142365


 9.58366 2.87731 0.58734
 9.17582 3.19431 0.966271


 9.58366 2.87731 0.58734
 9.92435 2.75028 0.961537


 9.90305 3.24034 0.142365
 9.9771 3.66788 -0.401859


 9.9771 3.66788 -0.401859
 9.69773 4.27351 -0.323742


 9.69773 4.27351 -0.323742
 9.0796 4.3863 -0.479107


 9.98317 4.54173 2.54145
 9.83976 4.74379 -2.93187


 9.98317 4.54173 2.54145
 9.49552 4.58532 2.39417


 9.83976 4.74379 -2.93187
 9.85645 5.36036 -2.75344


 9.02436 2.95143 -2.38398
 9.08092 3.47736 -2.02988


 9.08092 3.47736 -2.02988
 8.89271 3.51267 -1.12679


 9.08092 3.47736 -2.02988
 9.59719 3.95767 -2.02815


 8.89271 3.51267 -1.12679
 8.75088 3.0544 -0.674189


 9.0796 4.3863 -0.479107
 9.16617 4.66571 -1.30612


 9.0796 4.3863 -0.479107
 8.73594 4.98557 -0.448709


 9.16617 4.66571 -1.30612
 9.00719 4.49294 -2.12053


 9.16617 4.66571 -1.30612
 8.8871 5.27295 -1.38156


 9.16617 4.66571 -1.30612
 9.77203 4.82079 -1.18806


 9.49552 4.58532 2.39417
 8.9751 4.91148 2.57785


 9.49552 4.58532 2.39417
 9.86704 5.13256 2.30503


 9.49552 4.58532 2.39417
 9.7476 4.48725 2.43555


 9.59719 3.95767 -2.02815
 9.67653 3.67201 -2.55564


 8.8871 5.27295 -1.38156
 8.61677 5.04206 -1.30929


 14.7562 6.96968 0.580039
 14.6784 6.42419 0.27004


 14.6784 6.42419 0.27004
 14.0484 6.15616 0.227336


 14.6784 6.42419 0.27004
 14.4674 6.47131 0.654476


 14.0484 6.15616 0.227336
 13.4707 5.8745 0.10062


 14.0484 6.15616 0.227336
 14.0508 5.67835 0.683729


 13.4707 5.8745 0.10062
 13.4012 5.50671 -0.562797


 9.75284 4.71327 1.00649
 9.56384 4.65018 0.443788


 13.446 4.2674 1.30681
 13.3401 4.36556 0.183665


 13.446 4.2674 1.30681
 13.2064 3.61774 1.33395


 13.3401 4.36556 0.183665
 13.8566 4.35386 -0.195103


 9.67653 3.67201 -2.55564
 9.66669 3.89777 -2.76695


 13.9004 0.803425 0.136248
 13.5509 0.756461 -0.570533


 13.9004 0.803425 0.136248
 14 0.5 0


 6.19565 5.78882 2.35558
 6.75665 5.70658 2.07753


 6.75665 5.70658 2.07753
 7.39908 5.93755 2.03087


 6.75665 5.70658 2.07753
 6.60824 5.4908 2.53973


 6.75665 5.70658 2.07753
 7.03865 5.46624 1.79868


 5.7435 5.23014 -1.7443
 6.27099 5.61754 -1.8474


 5.7435 5.23014 -1.7443
 5.6928 5.31604 -2.95685


 7.39908 5.93755 2.03087
 7.4974 6.58114 1.92096


 7.4974 6.58114 1.92096
 7.08526 6.38171 1.54618


 6.7174 5.94235 -2.26126
 6.75327 5.76183 -2.73314


 7.08526 6.38171 1.54618
 7.3245 6.3256 1.10708


 7.08526 6.38171 1.54618
 7.09026 6.43555 1.43049


 7.08526 6.38171 1.54618
 7.00961 6.88013 1.14241


 5.92191 5.47423 1.07177
 6.41838 5.12619 1.09821


 5.92191 5.47423 1.07177
 5.94317 5.27645 2.08595


 6.41838 5.12619 1.09821
 6.68455 5.20623 0.883017


 6.60824 5.4908 2.53973
 6.70099 5.53861 2.89472


 6.68455 5.20623 0.883017
 6.70999 5.20142 0.412708


 6.68455 5.20623 0.883017
 6.96784 5.79258 0.794317


 7.3245 6.3256 1.10708
 7.0839 6.01702 1.093


 5.6928 5.31604 -2.95685
 6.05826 5.46488 -2.54472


 5.6928 5.31604 -2.95685
 5.35625 5.49643 -2.67993


 5.6928 5.31604 -2.95685
 5.6446 5.69132 -3.08912


 6.18669 4.87025 1.97416
 6.67951 5.05474 1.82762


 6.52777 5.86088 -1.41177
 6.59357 5.91031 -1.26604


 7.43603 4.82352 1.3922
 7.28871 4.86328 0.786704


 6.96784 5.79258 0.794317
 7.47218 5.76769 0.645036


 6.96784 5.79258 0.794317
 6.73423 6.01273 0.565775


 6.73423 6.01273 0.565775
 6.49317 6.03864 0.510047


 6.73423 6.01273 0.565775
 6.7429 6.07227 1.44549


 6.49317 6.03864 0.510047
 6.56022 5.64594 0.241571


 6.49317 6.03864 0.510047
 6.32286 5.91114 0.00798987


 9.86704 5.13256 2.30503
 9.91436 5.28971 1.22124


 9.86704 5.13256 2.30503
 9.42832 5.16816 1.77332


 9.91436 5.28971 1.22124
 9.75284 4.71327 1.00649


 13.1477 8.56857 0.58085
 13.5527 8.04543 0.669673


 13.5527 8.04543 0.669673
 14.1466 7.93007 0.467633


 14.1466 7.93007 0.467633
 14.6528 7.7308 0.596651


 14.1466 7.93007 0.467633
 14.157 8.27387 1.19176


 14.6528 7.7308 0.596651
 14.9134 7.51781 0.308425


 14.9134 7.51781 0.308425
 14.7562 6.96968 0.580039


 14.0508 5.67835 0.683729
 14.2144 5.30912 1.28807


 1.807 9.95103 -0.154075
 1.37532 9.802 -0.652749


 1.807 9.95103 -0.154075
 2.29409 9.46366 -0.120147


 1.807 9.95103 -0.154075
 2.16433 10.2244 -0.666254


 1.807 9.95103 -0.154075
 1.62965 9.69808 0.0530429


 1.807 9.95103 -0.154075
 1.85886 9.77817 -1.14963


 1.37532 9.802 -0.652749
 1.13383 9.29579 -0.943047


 1.37532 9.802 -0.652749
 1.65048 9.84787 -0.671732


 3.34885 9.12581 -0.473404
 3.44223 8.91512 -1.4245


 3.44223 8.91512 -1.4245
 2.98286 8.76794 -1.87179


 2.29409 9.46366 -0.120147
 2.90748 9.46446 -0.3054


 2.29409 9.46366 -0.120147
 2.1409 9.27578 -0.741188


 2.90748 9.46446 -0.3054
 2.92862 9.38612 0.330624


 2.90748 9.46446 -0.3054
 3.05962 9.62939 -0.0565234


 2.90748 9.46446 -0.3054
 3.45616 9.66204 -0.0597027


 3.66528 9.0658 0.0886159
 3.34885 9.12581 -0.473404


 3.66528 9.0658 0.0886159
 4.16846 9.13338 0.485236


 3.66528 9.0658 0.0886159
 3.32516 9.29217 0.102364


 3.66528 9.0658 0.0886159
 3.75458 9.08164 -0.0827017


 3.66528 9.0658 0.0886159
 3.45885 8.99739 -0.125513


 3.66528 9.0658 0.0886159
 3.27457 8.90716 0.657276


 3.66528 9.0658 0.0886159
 3.81858 8.97708 0.491047


 3.66528 9.0658 0.0886159
 3.75498 8.46377 -0.106076


 2.16433 10.2244 -0.666254
 2.63133 10.1205 -0.799226


 2.16433 10.2244 -0.666254
 2.02421 10.7655 -0.960499


 2.16433 10.2244 -0.666254
 2.24872 10.3652 -1.55346


 2.16433 10.2244 -0.666254
 2.07999 9.90811 -0.756063


 2.63133 10.1205 -0.799226
 2.88943 10.1692 -1.68596


 2.63133 10.1205 -0.799226
 3.0252 10.1586 -0.286842


 2.63133 10.1205 -0.799226
 2.75657 10.3105 -1.11656


 2.63133 10.1205 -0.799226
 2.56161 10.4479 -0.653111


 2.88943 10.1692 -1.68596
 2.67641 10.0992 -1.95386


 2.88943 10.1692 -1.68596
 3.16506 10.4507 -2.31003


 2.67641 10.0992 -1.95386
 2.70889 9.86623 -2.02973


 2.67641 10.0992 -1.95386
 2.62635 10.0756 -2.23134


 3.16506 10.4507 -2.31003
 3.2522 10.3733 -1.7052


 3.16506 10.4507 -2.31003
 3.4132 9.96842 -2.63735


 3.16506 10.4507 -2.31003
 3.49437 10.3147 -2.40328


 2.98286 8.76794 -1.87179
 2.56858 8.77558 -1.28846


 2.56858 8.77558 -1.28846
 2.60645 8.76678 -0.802519


 2.56858 8.77558 -1.28846
 2.4731 9.30787 -1.54736


 2.56858 8.77558 -1.28846
 2.23241 8.95118 -1.34765


 1.10199 7.99152 -2.08409
 1.62115 8.38614 -1.97628


 1.10199 7.99152 -2.08409
 1.27801 8.15806 -2.46949


 1.10199 7.99152 -2.08409
 1.33452 7.44098 -2.30086


 1.62115 8.38614 -1.97628
 1.88301 7.89845 -2.09996


 3.2522 10.3733 -1.7052
 3.17068 10.3645 -1.24192


 3.2522 10.3733 -1.7052
 3.41617 10.4866 -1.59952


 3.17068 10.3645 -1.24192
 3.13259 9.7905 -1.15834


 1.85886 9.77817 -1.14963
 2.03357 9.61582 -2.08466


 1.85886 9.77817 -1.14963
 1.71589 9.45775 -1.12213


 2.03357 9.61582 -2.08466
 2.27034 9.18008 -2.50485


 2.03357 9.61582 -2.08466
 1.64678 9.48439 -2.15006


 2.60645 8.76678 -0.802519
 3.15402 8.57272 -0.780805


 2.63956 9.74985 2.3406
 2.50896 9.48473 2.55018


 2.27034 9.18008 -2.50485
 2.45376 8.51814 -2.54312


 2.27034 9.18008 -2.50485
 2.56361 9.30392 -2.80462


 2.1409 9.27578 -0.741188
 1.69999 8.80732 -0.775168


 2.45376 8.51814 -2.54312
 2.77555 8.64631 3.02077


 3.0252 10.1586 -0.286842
 3.06355 10.4857 -0.464407


 3.06355 10.4857 -0.464407
 3.08308 10.3425 -0.611566


 2.92862 9.38612 0.330624
 2.90014 9.38375 0.730084


 3.08308 10.3425 -0.611566
 3.14283 10.1677 -0.62714


 3.15402 8.57272 -0.780805
 3.34864 8.45117 -0.78536


 2.66831 10.26 1.35352
 2.71554 9.83371 1.23939


 2.66831 10.26 1.35352
 2.33082 10.7202 1.0828


 1.88301 7.89845 -2.09996
 1.80595 8.08025 -2.04991


 1.80595 8.08025 -2.04991
 2.02287 8.27709 -1.41147


 3.4132 9.96842 -2.63735
 3.16063 9.75977 -2.53813


 3.4132 9.96842 -2.63735
 3.63441 9.67042 -2.25852


 3.16063 9.75977 -2.53813
 3.0231 10.0253 2.97818


 2.57028 8.94349 0.658849
 2.70692 9.17823 0.745243


 2.57028 8.94349 0.658849
 2.815 9.24364 1.29633


 0.649549 9.44599 1.16212
 0.501111 9.21363 2.0227


 0.501111 9.21363 2.0227
 0.559222 8.84129 2.68105


 1.27868 8.57418 -2.70323
 0.988256 8.6186 -3.08195


 1.27868 8.57418 -2.70323
 1.30865 8.66938 -2.62407


 1.27868 8.57418 -2.70323
 1.51844 8.39804 3.03572


 0.988256 8.6186 -3.08195
 0.996476 8.59604 2.90213


 1.48964 9.14493 1.46851
 1.23778 8.6865 1.10261


 1.48964 9.14493 1.46851
 1.35917 9.31122 2.45783


 1.48964 9.14493 1.46851
 1.73028 9.2408 1.73976


 1.23778 8.6865 1.10261
 1.06761 8.65443 1.86078


 1.23778 8.6865 1.10261
 1.58758 8.465 0.518641


 1.23778 8.6865 1.10261
 0.779374 8.64894 0.610464


 0.630612 8.37968 -1.59314
 0.594464 8.35092 -2.80554


 0.630612 8.37968 -1.59314
 0.988571 8.07766 -1.11781


 0.793331 8.98211 -1.42916
 1.09644 8.92586 -2.22462


 0.793331 8.98211 -1.42916
 0.630612 8.37968 -1.59314


 1.09644 8.92586 -2.22462
 1.27868 8.57418 -2.70323


 1.09644 8.92586 -2.22462
 1.0474 9.22919 -2.2579


 1.06761 8.65443 1.86078
 1.25302 8.72088 1.83926


 0.923172 7.63207 2.97274
 1.06725 7.90663 3.06361


 0.860426 9.50164 1.65229
 0.767793 9.53699 2.83032


 1.30865 8.66938 -2.62407
 1.4979 9.01225 -3.10543


 1.4979 9.01225 -3.10543
 1.56682 9.10346 -2.58449


 1.56682 9.10346 -2.58449
 1.41587 9.45535 -2.56291


 1.51844 8.39804 3.03572
 1.79958 8.72323 2.69313


 1.88206 9.78054 2.55417
 1.79564 9.61819 2.91794


 1.88206 9.78054 2.55417
 1.88493 9.57011 2.02423


 1.88206 9.78054 2.55417
 2.17948 9.65461 3.0115


 1.88206 9.78054 2.55417
 1.95492 9.86043 2.31258


 1.88206 9.78054 2.55417
 2.16999 9.86739 2.58708


 1.88206 9.78054 2.55417
 2.04667 9.6068 2.68123


 0.944474 8.05219 2.2855
 0.894735 8.14263 2.64597


 0.944474 8.05219 2.2855
 1.31141 8.15452 2.42236


 2.97792 9.83868 1.70103
 2.66831 10.26 1.35352


 2.97792 9.83868 1.70103
 2.63956 9.74985 2.3406


 1.36993 10.1842 2.78617
 1.99207 10.1439 2.95129


 1.36993 10.1842 2.78617
 1.04412 10.2666 2.47457


 1.99207 10.1439 2.95129
 1.88206 9.78054 2.55417


 1.99207 10.1439 2.95129
 2.33509 10.7449 2.92327


 1.88493 9.57011 2.02423
 1.95751 9.51369 2.03212


 1.88493 9.57011 2.02423
 1.85846 9.46331 1.24088


 2.33509 10.7449 2.92327
 1.88891 10.6534 2.64459


 0.825943 9.77879 1.77152
 0.503338 10.401 1.78177


 0.825943 9.77879 1.77152
 0.860426 9.50164 1.65229


 0.825943 9.77879 1.77152
 0.868876 9.95902 1.45547


 0.825943 9.77879 1.77152
 0.649549 9.44599 1.16212


 0.503338 10.401 1.78177
 0.585501 10.4783 2.63029


 1.41923 9.96357 0.787537
 1.4691 9.76174 1.64626


 1.41923 9.96357 0.787537
 1.46465 10.3279 0.805103


 1.4691 9.76174 1.64626
 0.825943 9.77879 1.77152


 1.4691 9.76174 1.64626
 1.5891 10.3287 1.89917


 1.4691 9.76174 1.64626
 1.48964 9.14493 1.46851


 1.5891 10.3287 1.89917
 1.36993 10.1842 2.78617


 1.5891 10.3287 1.89917
 1.45379 10.7606 2.30949


 1.5891 10.3287 1.89917
 1.58012 10.3679 2.05449


 1.04412 10.2666 2.47457
 0.843697 10.4759 -2.97614


 1.45379 10.7606 2.30949
 1.39574 10.5258 2.35547


 1.58012 10.3679 2.05449
 1.28028 10.248 2.11747


 0.966141 9.42782 -0.312959
 0.800623 9.29039 -0.228829


 1.13383 9.29579 -0.943047
 0.793331 8.98211 -1.42916


 1.13383 9.29579 -0.943047
 0.995217 9.40026 -1.88841


 1.13383 9.29579 -0.943047
 0.966141 9.42782 -0.312959


 1.58758 8.465 0.518641
 1.21614 8.57431 0.367267


 1.58758 8.465 0.518641
 1.33241 8.0563 0.896787


 0.779374 8.64894 0.610464
 0.856631 8.88734 0.595098


 1.62965 9.69808 0.0530429
 1.48604 9.5912 0.492635


 1.62965 9.69808 0.0530429
 1.41923 9.96357 0.787537


 1.62965 9.69808 0.0530429
 1.7423 9.71747 0.260869


 0.803031 7.59894 -0.732601
 0.652045 6.93047 -0.691196


 0.803031 7.59894 -0.732601
 0.78398 7.85484 -0.544233


 0.803031 7.59894 -0.732601
 0.586612 7.5416 -0.993212


 0.803031 7.59894 -0.732601
 0.823125 7.50506 -0.749397


 0.803031 7.59894 -0.732601
 1.11592 7.54845 0.0455529


 0.652045 6.93047 -0.691196
 0.539996 6.844 -0.62949


 0.652045 6.93047 -0.691196
 0.80062 7.14038 -1.15767


 0.652045 6.93047 -0.691196
 0.566761 6.49897 -0.158852


 0.988571 8.07766 -1.11781
 1.10199 7.99152 -2.08409


 0.988571 8.07766 -1.11781
 0.803031 7.59894 -0.732601


 1.33452 7.44098 -2.30086
 1.02367 7.43822 -2.40234


 1.33452 7.44098 -2.30086
 0.934194 7.08979 -2.64781


 1.33452 7.44098 -2.30086
 1.37893 7.77263 -3.04367


 1.33452 7.44098 -2.30086
 1.62235 7.00851 -2.33911


 1.11592 7.54845 0.0455529
 0.94541 7.6687 0.0300333


 1.11592 7.54845 0.0455529
 1.76095 7.6989 -0.0417957


 1.11592 7.54845 0.0455529
 1.26548 7.38812 -0.180169


 1.05205 10.7698 0.36615
 0.92555 10.8353 -0.76104


 1.05205 10.7698 0.36615
 0.652893 10.2714 0.501


 1.05205 10.7698 0.36615
 1.07764 10.9392 0.146978


 1.05205 10.7698 0.36615
 0.796482 10.6515 -0.0441713


 0.92555 10.8353 -0.76104
 1.00209 10.7771 -1.98078


 0.92555 10.8353 -0.76104
 1.05909 10.447 -0.416824


 0.652893 10.2714 0.501
 0.623261 10.0464 0.143324


 1.00209 10.7771 -1.98078
 0.549608 10.3313 -1.83914


 1.00209 10.7771 -1.98078
 0.901705 10.9412 -2.54426


 1.05909 10.447 -0.416824
 0.702379 9.83951 -0.413775


 0.702379 9.83951 -0.413775
 0.632931 9.64715 -1.23543


 2.02421 10.7655 -0.960499
 2.07725 10.9837 -0.797359


 2.02421 10.7655 -0.960499
 2.07096 10.7576 -1.58953


 2.33082 10.7202 1.0828
 1.97341 10.6867 0.417167


 1.64678 9.48439 -2.15006
 1.47685 9.6667 -1.771


 1.47844 10.5438 -1.31447
 1.54221 10.3479 -2.31455


 1.47844 10.5438 -1.31447
 1.38257 10.263 -1.41101


 0.843697 10.4759 -2.97614
 0.935628 10.2117 -2.73871


 1.97341 10.6867 0.417167
 2.03908 10.5748 0.29561


 1.7423 9.71747 0.260869
 2.32613 10.0354 0.281104


 0.935628 10.2117 -2.73871
 0.98794 10.2777 -2.72207


 2.07096 10.7576 -1.58953
 2.16484 10.7466 -2.22187


 1.54221 10.3479 -2.31455
 1.72873 10.1556 -1.65493


 0.901705 10.9412 -2.54426
 0.998047 10.9299 -2.43044


 2.32613 10.0354 0.281104
 2.27292 9.94915 -0.301107


 1.38257 10.263 -1.41101
 1.52435 10.2514 -1.57854


 3.60571 5.51805 -0.558692
 3.21937 5.03266 -0.387404


 3.60571 5.51805 -0.558692
 3.84481 5.36787 0.288627


 3.60571 5.51805 -0.558692
 4.22289 5.25457 -0.628587


 3.60571 5.51805 -0.558692
 3.50187 5.60929 -1.69426


 3.21937 5.03266 -0.387404
 3.30576 5.12877 -0.72034


 3.50187 5.60929 -1.69426
 3.02501 5.20251 -1.85272


 3.50187 5.60929 -1.69426
 3.89291 5.62991 -2.32311


 3.50187 5.60929 -1.69426
 3.83008 5.99028 -1.28796


 3.50187 5.60929 -1.69426
 3.38771 5.79249 -2.61884


 3.02501 5.20251 -1.85272
 3.13937 5.04567 -2.20381


 3.26626 5.32272 0.457335
 3.2505 5.16084 1.54408


 3.2505 5.16084 1.54408
 3.42761 5.55942 1.48539


 3.84481 5.36787 0.288627
 3.21259 5.45623 0.228829


 3.84481 5.36787 0.288627
 3.66553 5.58496 0.0622971


 3.21259 5.45623 0.228829
 3.26626 5.32272 0.457335


 3.21259 5.45623 0.228829
 3.02984 5.5472 0.112011


 2.27916 5.87145 2.16058
 2.44551 5.59964 2.93526


 2.27916 5.87145 2.16058
 1.84265 5.89058 1.73933


 2.27916 5.87145 2.16058
 2.46073 6.10605 2.11262


 2.27916 5.87145 2.16058
 2.07611 6.10647 2.12274


 2.44551 5.59964 2.93526
 2.49471 5.12162 -2.897


 2.44551 5.59964 2.93526
 2.37059 5.96503 -2.68188


 3.38771 5.79249 -2.61884
 3.58613 5.74025 3.02939


 3.58613 5.74025 3.02939
 3.42751 5.772 3.08264


 3.42751 5.772 3.08264
 3.43689 6.20347 2.73726


 3.86973 3.74645 2.26583
 4.10803 4.28835 2.4939


 3.86973 3.74645 2.26583
 4.00029 3.45574 2.24028


 3.86973 3.74645 2.26583
 3.57848 3.89802 1.9126


 4.10803 4.28835 2.4939
 4.79627 4.44317 2.49276


 3.42761 5.55942 1.48539
 3.26927 5.53491 1.61268


 3.42761 5.55942 1.48539
 3.45093 5.82044 0.934966


 3.05013 3.94574 0.0549954
 3.6271 4.2952 -0.00793911


 3.05013 3.94574 0.0549954
 3.05361 4.31811 0.195643


 3.6271 4.2952 -0.00793911
 3.96107 4.36521 0.474203


 3.96107 4.36521 0.474203
 3.97599 4.26296 0.68819


 3.31681 3.6556 2.45788
 3.2319 4.28797 2.5938


 4.06364 3.78805 0.52455
 4.27821 3.97484 -0.151235


 4.27821 3.97484 -0.151235
 4.30463 3.82543 -1.02281


 0.974078 6.40103 -2.61559
 0.806067 6.20793 -1.71549


 0.974078 6.40103 -2.61559
 0.919368 5.80997 -2.84044


 0.974078 6.40103 -2.61559
 1.11224 6.3767 -1.99907


 0.974078 6.40103 -2.61559
 0.686855 6.67518 -2.69314


 0.806067 6.20793 -1.71549
 1.26987 5.85524 -1.4688


 0.806067 6.20793 -1.71549
 0.720798 6.40812 -1.82749


 0.919368 5.80997 -2.84044
 0.904298 5.14714 -2.7544


 0.919368 5.80997 -2.84044
 1.28595 5.91456 -2.93481


 0.919368 5.80997 -2.84044
 0.91936 6.05691 2.71508


 0.904298 5.14714 -2.7544
 1.32056 4.68968 -2.92944


 0.904298 5.14714 -2.7544
 0.53342 4.8089 3.12065


 1.32056 4.68968 -2.92944
 1.56055 4.88208 -2.13259


 1.32056 4.68968 -2.92944
 1.48199 5.14732 2.96558


 1.32056 4.68968 -2.92944
 1.37734 4.1741 2.97911


 1.32056 4.68968 -2.92944
 1.31207 4.75151 2.06653


 1.26987 5.85524 -1.4688
 1.14468 6.12643 -1.31029


 1.26987 5.85524 -1.4688
 0.654119 5.55866 -1.51392


 1.26987 5.85524 -1.4688
 1.6271 5.70728 -1.67535


 1.56055 4.88208 -2.13259
 1.47224 4.76625 -1.49398


 1.56055 4.88208 -2.13259
 1.52452 4.36485 -2.28943


 1.47224 4.76625 -1.49398
 1.3177 4.73517 -1.7518


 1.47224 4.76625 -1.49398
 1.93655 4.84636 -1.5749


 1.47224 4.76625 -1.49398
 1.17869 4.9429 -1.30957


 1.47224 4.76625 -1.49398
 1.8511 4.44154 -1.17753


 1.52452 4.36485 -2.28943
 1.79372 4.54609 -2.5163


 1.52452 4.36485 -2.28943
 1.93005 3.80412 -2.2614


 2.37059 5.96503 -2.68188
 2.14564 6.33231 -2.46011


 2.37059 5.96503 -2.68188
 1.85269 6.03604 -3.04843


 1.28595 5.91456 -2.93481
 1.44074 6.1767 3.07758


 0.566761 6.49897 -0.158852
 0.523039 6.29974 -0.645213


 0.566761 6.49897 -0.158852
 0.597792 6.2688 0.78866


 0.654119 5.55866 -1.51392
 0.636666 5.54372 -1.26145


 0.654119 5.55866 -1.51392
 0.895499 5.37737 -0.705648


 1.6271 5.70728 -1.67535
 1.9148 5.58015 -1.94229


 1.6271 5.70728 -1.67535
 1.61653 5.50976 -0.658934


 1.6271 5.70728 -1.67535
 1.80891 5.93588 -1.34509


 1.3177 4.73517 -1.7518
 1.36477 4.71232 -2.10995


 1.9148 5.58015 -1.94229
 2.06995 5.61327 -1.69167


 1.93655 4.84636 -1.5749
 2.02756 4.74864 -1.3262


 1.61653 5.50976 -0.658934
 1.4707 5.9909 -0.27706


 2.06995 5.61327 -1.69167
 2.04018 5.3006 -1.10658


 1.4707 5.9909 -0.27706
 1.34759 6.34964 -0.689344


 1.80891 5.93588 -1.34509
 1.94384 6.1688 -1.39729


 1.94384 6.1688 -1.39729
 2.16334 6.12921 -0.453182


 2.05676 5.43062 0.360383
 2.03497 5.53014 -0.250911


 2.02756 4.74864 -1.3262
 2.16871 4.50021 -1.90723


 3.34355 2.89936 -3.04958
 3.15779 2.88326 -2.68208


 3.34355 2.89936 -3.04958
 2.96366 3.28099 -3.01619


 3.34355 2.89936 -3.04958
 3.22804 2.5913 -3.12278


 3.15779 2.88326 -2.68208
 3.2929 2.92034 -2.14168


 2.96366 3.28099 -3.01619
 2.60293 3.88561 -3.01227


 3.62885 3.26923 1.92293
 3.86973 3.74645 2.26583


 4.15532 3.57448 -2.45955
 4.00745 4.09101 -2.12207


 4.15532 3.57448 -2.45955
 4.16986 3.65681 -3.02266


 4.00745 4.09101 -2.12207
 3.31417 4.04191 -2.10007


 3.31417 4.04191 -2.10007
 3.33669 4.03845 -1.89558


 2.95177 3.0158 -1.03387
 3.11021 2.71435 -1.32256


 2.94961 3.10679 -1.15617
 2.95712 3.06105 -1.92769


 2.94961 3.10679 -1.15617
 2.95177 3.0158 -1.03387


 3.87404 5.93083 -1.86961
 4.15633 6.09154 -1.62026


 3.07502 6.42114 -0.0273955
 3.16583 6.02551 -0.627588


 3.07502 6.42114 -0.0273955
 3.23196 6.5552 -0.27924


 3.07502 6.42114 -0.0273955
 3.53747 6.19192 0.0889322


 3.07502 6.42114 -0.0273955
 3.06296 6.47259 0.634157


 3.16583 6.02551 -0.627588
 3.60571 5.51805 -0.558692


 3.16583 6.02551 -0.627588
 3.33504 5.7142 -1.00138


 4.22289 5.25457 -0.628587
 4.84575 5.07466 -0.743972


 4.84575 5.07466 -0.743972
 5.03964 5.05642 -1.59706


 4.84575 5.07466 -0.743972
 5.45682 5.19792 -0.909229


 3.89291 5.62991 -2.32311
 4.25818 5.85417 -2.10697


 3.83008 5.99028 -1.28796
 3.7647 6.32786 -1.0258


 3.83008 5.99028 -1.28796
 3.87404 5.93083 -1.86961


 3.83008 5.99028 -1.28796
 4.13117 5.71057 -1.07751


 3.33504 5.7142 -1.00138
 3.39359 5.62401 -1.19799


 3.7647 6.32786 -1.0258
 3.60772 6.28245 -1.74244


 3.7647 6.32786 -1.0258
 4.14562 6.5198 -1.35825


 4.25818 5.85417 -2.10697
 4.22816 5.91534 -2.25108


 4.25818 5.85417 -2.10697
 4.2196 5.80804 -1.82722


 3.60772 6.28245 -1.74244
 3.33409 6.27424 -1.67208


 3.53747 6.19192 0.0889322
 3.96058 6.04182 0.117154


 3.53747 6.19192 0.0889322
 3.61651 6.27812 0.452309


 3.33409 6.27424 -1.67208
 3.3579 6.0765 -1.9396


 1.80583 1.52408 2.25655
 1.6568 0.995322 1.94324


 1.6568 0.995322 1.94324
 2.06854 0.52539 2.10569


 1.36083 2.48381 2.67828
 1.3474 1.79231 2.64951


 1.36083 2.48381 2.67828
 1.89831 2.39392 3.00043


 1.36083 2.48381 2.67828
 1.2458 2.38175 -2.50045


 1.36083 2.48381 2.67828
 1.17256 2.41313 2.33112


 1.36083 2.48381 2.67828
 1.47305 2.48965 -2.94996


 1.3474 1.79231 2.64951
 1.59467 1.8579 1.74914


 1.3474 1.79231 2.64951
 0.985436 1.46292 3.08274


 1.3474 1.79231 2.64951
 0.996039 1.66271 2.44163


 1.59467 1.8579 1.74914
 1.97786 1.70088 1.16533


 1.59467 1.8579 1.74914
 1.80583 1.52408 2.25655


 1.97786 1.70088 1.16533
 2.43913 1.99001 0.842089


 1.97786 1.70088 1.16533
 1.454 1.4842 0.887097


 1.97786 1.70088 1.16533
 2.33456 1.13373 1.09327


 1.97786 1.70088 1.16533
 1.91891 1.95806 0.815848


 1.97786 1.70088 1.16533
 1.84918 2.31087 1.00014


 1.454 1.4842 0.887097
 1.51185 1.19597 0.227551


 1.454 1.4842 0.887097
 1.50605 1.6418 1.28096


 2.33456 1.13373 1.09327
 2.36291 1.13625 1.03041


 2.33456 1.13373 1.09327
 2.03389 0.734437 1.10073


 1.51185 1.19597 0.227551
 1.2394 0.853488 -0.309211


 1.51185 1.19597 0.227551
 0.998385 1.67896 0.225378


 1.2394 0.853488 -0.309211
 0.848134 0.870122 -0.938013


 1.2394 0.853488 -0.309211
 1.42167 0.510612 0.0396265


 2.50981 2.5474 -3.13167
 2.93542 2.5725 2.59219


 2.50981 2.5474 -3.13167
 2.41776 2.42416 -2.84417


 2.50981 2.5474 -3.13167
 2.42138 2.77703 -2.90004


 2.93542 2.5725 2.59219
 2.89163 3.18006 2.39842


 2.93542 2.5725 2.59219
 3.53519 2.87411 2.52282


 0.848134 0.870122 -0.938013
 0.609135 0.87635 -0.00414263


 0.848134 0.870122 -0.938013
 1.28452 0.580701 -1.30277


 0.609135 0.87635 -0.00414263
 0.785526 0.759488 0.984708


 0.609135 0.87635 -0.00414263
 0.605874 1.32139 -0.20112


 2.36291 1.13625 1.03041
 2.35268 1.0984 -0.303201


 2.35268 1.0984 -0.303201
 2.31797 0.64328 -0.802345


 2.35268 1.0984 -0.303201
 2.10927 1.15427 -0.403115


 0.998385 1.67896 0.225378
 1.22705 1.74596 -0.710105


 2.06854 0.52539 2.10569
 2.05185 0.517057 -2.80277


 2.06854 0.52539 2.10569
 2.42866 0.599165 2.78252


 1.28452 0.580701 -1.30277
 1.16784 0.554201 -0.894561


 1.28452 0.580701 -1.30277
 0.807837 0.507253 -1.52681


 0.985436 1.46292 3.08274
 0.99096 0.793766 3.00906


 3.72387 2.22248 2.57807
 3.65807 2.34121 1.43751


 3.72387 2.22248 2.57807
 3.2805 1.81533 2.78619


 3.65807 2.34121 1.43751
 4.02855 2.01688 1.01025


 0.99096 0.793766 3.00906
 0.976681 1.14287 2.89031


 0.99096 0.793766 3.00906
 0.795596 0.956136 3.01147


 0.99096 0.793766 3.00906
 1.27624 0.848037 2.42647


 0.99096 0.793766 3.00906
 0.633419 0.989534 -2.71727


 1.84918 2.31087 1.00014
 2.04559 2.17396 1.13234


 2.04559 2.17396 1.13234
 2.31301 2.365 1.33853


 2.04559 2.17396 1.13234
 2.04345 2.53317 1.13543


 3.52063 1.93313 -0.787233
 3.19859 1.55705 -0.598715


 3.52063 1.93313 -0.787233
 3.4847 1.79017 -1.13088


 3.52063 1.93313 -0.787233
 3.54599 1.69379 -0.686091


 3.52063 1.93313 -0.787233
 3.48563 1.98801 -0.653302


 3.19859 1.55705 -0.598715
 3.20552 1.30426 0.307543


 0.605874 1.32139 -0.20112
 0.537309 1.26121 -0.899279


 2.31797 0.64328 -0.802345
 2.35787 0.582615 -0.868464


 2.31797 0.64328 -0.802345
 2.28044 0.659334 -0.964024


 2.31797 0.64328 -0.802345
 2.06378 0.558349 -1.48322


 0.996039 1.66271 2.44163
 0.614938 1.53153 2.02765


 3.20552 1.30426 0.307543
 3.26864 0.620535 0.268775


 3.54599 1.69379 -0.686091
 3.53362 1.57587 -0.176103


 1.93747 3.5217 1.47771
 1.73042 3.77016 0.712528


 1.93747 3.5217 1.47771
 2.13174 3.16868 1.12777


 1.93747 3.5217 1.47771
 2.2931 3.62485 1.37632


 1.73042 3.77016 0.712528
 1.2675 3.77723 0.630963


 1.73042 3.77016 0.712528
 1.72442 4.47089 0.701998


 1.73042 3.77016 0.712528
 2.11127 3.55803 0.497283


 1.73042 3.77016 0.712528
 1.91587 4.01102 0.627947


 1.37734 4.1741 2.97911
 1.34191 3.67754 2.56273


 1.37734 4.1741 2.97911
 1.08959 3.99512 -2.56978


 1.34191 3.67754 2.56273
 1.99057 3.73358 2.45286


 1.34191 3.67754 2.56273
 1.16557 3.53154 2.15741


 1.34191 3.67754 2.56273
 1.63049 3.48235 2.68219


 1.34191 3.67754 2.56273
 1.03164 3.10838 2.67829


 1.99057 3.73358 2.45286
 1.93747 3.5217 1.47771


 1.99057 3.73358 2.45286
 2.00016 3.74163 2.04787


 1.99057 3.73358 2.45286
 1.97017 3.14066 2.49869


 1.99057 3.73358 2.45286
 1.67018 4.03097 2.26995


 1.99057 3.73358 2.45286
 2.02687 4.07513 2.4067


 1.31207 4.75151 2.06653
 1.462 5.03281 2.30158


 1.03164 3.10838 2.67829
 0.742146 3.17214 1.85912


 1.03164 3.10838 2.67829
 1.36083 2.48381 2.67828


 0.742146 3.17214 1.85912
 0.751875 3.86295 1.8894


 0.742146 3.17214 1.85912
 0.72542 3.01005 0.773003


 0.751875 3.86295 1.8894
 0.609807 3.59023 1.22049


 0.72542 3.01005 0.773003
 1.25874 2.80109 0.506557


 2.89163 3.18006 2.39842
 2.8392 3.17231 2.74628


 2.89163 3.18006 2.39842
 2.86744 3.19314 2.56504


 1.08959 3.99512 -2.56978
 0.988648 4.01884 -1.36513


 1.08959 3.99512 -2.56978
 1.05896 3.78823 -2.4721


 1.08959 3.99512 -2.56978
 0.886198 4.14107 -2.77863


 0.988648 4.01884 -1.36513
 0.581727 4.14986 -0.808092


 0.988648 4.01884 -1.36513
 0.851241 4.02403 -1.31227


 1.25874 2.80109 0.506557
 1.09839 2.80451 1.48876


 1.25874 2.80109 0.506557
 1.47975 2.53618 0.516854


 1.97017 3.14066 2.49869
 1.59617 3.03438 3.03058


 1.2675 3.77723 0.630963
 0.947869 3.46626 0.223602


 1.2675 3.77723 0.630963
 1.30568 3.75828 -0.621982


 1.67018 4.03097 2.26995
 1.65324 4.14757 2.20554


 1.09839 2.80451 1.48876
 1.38425 2.83597 1.22507


 2.09538 3.14649 -1.80283
 1.63005 3.18323 -1.32434


 2.09538 3.14649 -1.80283
 2.0849 3.0355 -2.33592


 1.63005 3.18323 -1.32434
 1.84715 3.52477 -1.10996


 3.57848 3.89802 1.9126
 3.31681 3.6556 2.45788


 3.57848 3.89802 1.9126
 3.4964 4.20747 1.14088


 0.947869 3.46626 0.223602
 0.769763 3.21962 -0.0753754


 2.86744 3.19314 2.56504
 2.97938 3.57709 2.62334


 1.30568 3.75828 -0.621982
 0.93463 3.56159 -0.755742


 0.53342 4.8089 3.12065
 0.73875 4.70105 2.73481


 3.64303 2.54089 -1.03195
 3.91514 2.58639 -0.17171


 3.64303 2.54089 -1.03195
 3.2449 1.98662 -1.0791


 3.64303 2.54089 -1.03195
 3.79535 2.48148 -1.57528


 3.64303 2.54089 -1.03195
 4.0445 2.17015 -1.06241


 3.91514 2.58639 -0.17171
 3.69334 2.79987 -0.34962


 3.91514 2.58639 -0.17171
 4.23341 3.04199 0.0899917


 3.53519 2.87411 2.52282
 3.62885 3.26923 1.92293


 3.53519 2.87411 2.52282
 3.34355 2.89936 -3.04958


 3.53519 2.87411 2.52282
 3.72387 2.22248 2.57807


 3.53519 2.87411 2.52282
 3.97464 3.01282 3.01319


 3.53519 2.87411 2.52282
 3.9745 2.80361 2.18394


 2.1808 3.10714 -0.126854
 2.68366 2.95079 -0.485673


 2.1808 3.10714 -0.126854
 2.51712 3.07772 0.116243


 2.68366 2.95079 -0.485673
 3.31727 2.92653 -0.629542


 2.68366 2.95079 -0.485673
 2.71106 2.56406 -1.12229


 2.68366 2.95079 -0.485673
 2.78486 2.96434 -0.917443


 2.68366 2.95079 -0.485673
 2.84223 3.49314 -0.590991


 3.31727 2.92653 -0.629542
 3.48544 3.27584 -0.58719


 3.31727 2.92653 -0.629542
 3.64303 2.54089 -1.03195


 2.71106 2.56406 -1.12229
 2.66592 2.56095 -0.966477


 2.71106 2.56406 -1.12229
 2.94961 3.10679 -1.15617


 2.71106 2.56406 -1.12229
 2.01496 2.58567 -1.14144


 3.2449 1.98662 -1.0791
 3.07396 2.14029 -0.746553


 3.2449 1.98662 -1.0791
 3.6118 1.45484 -0.95921


 3.2449 1.98662 -1.0791
 3.52063 1.93313 -0.787233


 4.23341 3.04199 0.0899917
 4.01231 3.33592 0.766411


 4.23341 3.04199 0.0899917
 4.5058 3.16308 -0.725852


 4.01231 3.33592 0.766411
 4.06364 3.78805 0.52455


 2.66592 2.56095 -0.966477
 2.81137 2.52302 -0.575754


 3.69334 2.79987 -0.34962
 3.98326 2.91231 -0.558951


 2.78486 2.96434 -0.917443
 2.70242 3.05332 -1.37777


 2.51712 3.07772 0.116243
 2.26913 2.62397 0.19384


 2.26913 2.62397 0.19384
 2.16484 2.81788 0.055218


 2.01496 2.58567 -1.14144
 2.20035 2.49961 -0.753371


 2.01496 2.58567 -1.14144
 2.08049 2.90765 -1.76317


 2.01496 2.58567 -1.14144
 2.34881 2.09005 -1.35276


 2.20035 2.49961 -0.753371
 2.37138 2.71686 -0.75672


 4.00029 3.45574 2.24028
 4.1228 3.61492 2.02823


 1.7359 2.1017 -0.780872
 1.75556 2.43661 -0.285681


 1.7359 2.1017 -0.780872
 1.71838 2.24213 -1.57751


 1.7359 2.1017 -0.780872
 1.57215 2.25347 -1.09818


 3.48371 1.78364 1.12291
 3.50643 2.15728 1.04384


 0.93463 3.56159 -0.755742
 0.545855 3.65536 -0.873583


 0.597792 6.2688 0.78866
 0.621945 5.87963 0.165682


 0.597792 6.2688 0.78866
 0.858381 6.8528 0.655632


 0.597792 6.2688 0.78866
 1.14704 6.1725 1.08544


 1.91587 4.01102 0.627947
 2.46028 4.41655 0.573618


 2.46028 4.41655 0.573618
 2.65523 4.39824 0.0266044


 1.72442 4.47089 0.701998
 1.58597 4.77901 1.17359


 1.72442 4.47089 0.701998
 1.73202 4.60221 0.813007


 2.13174 3.16868 1.12777
 2.1808 3.10714 -0.126854


 2.13174 3.16868 1.12777
 2.6241 3.6127 1.04174


 1.58597 4.77901 1.17359
 1.53372 5.38561 1.36793


 2.27812 5.73969 1.01208
 2.05676 5.43062 0.360383


 2.27812 5.73969 1.01208
 2.27916 5.87145 2.16058


 2.27812 5.73969 1.01208
 1.96327 5.63249 1.27412


 2.11127 3.55803 0.497283
 1.97115 3.51843 -0.0690604


 2.11127 3.55803 0.497283
 2.44847 3.54053 0.515148


 1.73202 4.60221 0.813007
 1.77522 4.53788 1.39223


 1.53372 5.38561 1.36793
 1.52548 5.24753 1.50201


 1.53372 5.38561 1.36793
 1.59521 5.5338 1.3416


 1.52548 5.24753 1.50201
 1.43951 5.11758 1.27276


 2.65523 4.39824 0.0266044
 2.28328 4.42668 -0.340261


 2.65523 4.39824 0.0266044
 3.05013 3.94574 0.0549954


 2.28328 4.42668 -0.340261
 2.58131 4.2134 -0.331619


 3.4964 4.20747 1.14088
 3.4857 4.06095 0.998589


 2.58131 4.2134 -0.331619
 2.32041 4.0161 -0.476059


 2.58131 4.2134 -0.331619
 2.61849 4.23081 -0.439252


 2.32041 4.0161 -0.476059
 1.97588 4.15802 -0.583912


 1.2458 2.38175 -2.50045
 0.643375 2.45698 -2.30263


 1.2458 2.38175 -2.50045
 1.42448 2.10047 -2.45632


 1.05896 3.78823 -2.4721
 1.12866 3.28638 -2.07339


 0.886198 4.14107 -2.77863
 0.7774 4.18435 -2.94726


 0.537309 1.26121 -0.899279
 0.714682 1.21317 -1.75227


 0.580316 1.83457 -0.816593
 0.553266 1.59416 -1.32748


 0.580316 1.83457 -0.816593
 0.707108 2.33595 -0.691849


 1.22705 1.74596 -0.710105
 1.01767 1.69911 -1.22361


 1.22705 1.74596 -0.710105
 0.580316 1.83457 -0.816593


 1.22705 1.74596 -0.710105
 1.7359 2.1017 -0.780872


 1.89831 2.39392 3.00043
 2.50981 2.5474 -3.13167


 1.89831 2.39392 3.00043
 2.01856 2.24997 -3.02389


 1.89831 2.39392 3.00043
 1.84943 2.47917 2.92437


 1.17256 2.41313 2.33112
 0.966993 2.16476 2.22172


 1.17256 2.41313 2.33112
 0.719689 2.17692 1.94064


 1.47305 2.48965 -2.94996
 1.50174 2.37297 3.05835


 2.08049 2.90765 -1.76317
 2.09538 3.14649 -1.80283


 0.719689 2.17692 1.94064
 0.68974 2.07227 3.00454


 0.68974 2.07227 3.00454
 0.77846 2.2727 3.09263


 1.12866 3.28638 -2.07339
 1.32763 3.1852 -2.72674


 1.12866 3.28638 -2.07339
 0.824679 2.99122 -1.90548


 1.12866 3.28638 -2.07339
 1.06673 3.32682 -2.18896


 1.04143 2.86491 -0.952776
 0.906276 2.97576 -0.423625


 0.707108 2.33595 -0.691849
 0.920944 2.56263 -0.660339


 0.707108 2.33595 -0.691849
 0.840652 2.35415 0.0317859


 0.920944 2.56263 -0.660339
 1.16456 2.39312 -0.599777


 0.920944 2.56263 -0.660339
 1.04143 2.86491 -0.952776


 0.840652 2.35415 0.0317859
 0.82214 2.18732 0.652832


 0.82214 2.18732 0.652832
 0.608514 2.5094 0.786724


 4.83798 9.16853 0.556384
 4.92536 9.84233 0.609544


 4.83798 9.16853 0.556384
 4.91697 9.42733 0.174407


 4.83798 9.16853 0.556384
 4.88337 9.1643 0.351712


 4.83798 9.16853 0.556384
 4.92073 9.06218 1.69891


 4.92536 9.84233 0.609544
 4.88718 9.77948 0.650291


 4.92536 9.84233 0.609544
 4.84787 10.3582 0.978206


 4.16846 9.13338 0.485236
 4.83798 9.16853 0.556384


 4.16846 9.13338 0.485236
 4.26194 9.16235 1.10308


 4.16846 9.13338 0.485236
 4.10458 8.86904 0.831517


 3.44214 10.4246 0.215571
 3.23327 10.4159 0.434667


 3.44214 10.4246 0.215571
 4.14033 10.484 0.204962


 3.45616 9.66204 -0.0597027
 3.40335 9.9731 0.721308


 3.45616 9.66204 -0.0597027
 3.66528 9.0658 0.0886159


 3.40335 9.9731 0.721308
 3.44214 10.4246 0.215571


 3.40335 9.9731 0.721308
 3.63707 10.0204 1.65644


 4.23525 10.2534 1.51981
 4.17333 9.87973 1.21344


 4.23525 10.2534 1.51981
 4.19951 10.1204 1.98714


 3.98903 9.32862 1.00365
 3.9486 9.57077 0.733946


 3.98903 9.32862 1.00365
 4.12132 9.42796 1.29598


 4.65615 8.15484 -2.59143
 4.88172 8.15347 3.12572


 4.88172 8.15347 3.12572
 4.69501 8.24695 2.62393


 4.92073 9.06218 1.69891
 4.78606 8.89879 2.48485


 4.92073 9.06218 1.69891
 4.98164 9.10348 1.24366


 4.92073 9.06218 1.69891
 4.57663 8.79548 1.6825


 4.92073 9.06218 1.69891
 4.87013 9.47612 2.2769


 4.78606 8.89879 2.48485
 4.94602 8.76089 2.84954


 4.90533 7.74915 0.694293
 4.75479 8.3527 0.862236


 4.90533 7.74915 0.694293
 4.97648 7.60181 1.22913


 4.90533 7.74915 0.694293
 4.999 7.35738 0.704137


 4.75479 8.3527 0.862236
 4.69438 8.30778 1.30339


 4.75479 8.3527 0.862236
 4.77302 8.07121 0.981261


 4.75479 8.3527 0.862236
 4.95684 8.55005 0.883691


 4.34175 8.28538 -2.44918
 4.30368 8.40522 3.09552


 4.34175 8.28538 -2.44918
 4.65615 8.15484 -2.59143


 4.85923 9.66552 -0.527057
 4.53346 9.39621 -0.814178


 4.53346 9.39621 -0.814178
 4.32472 9.18088 -0.719721


 4.53346 9.39621 -0.814178
 4.45897 9.71889 -1.56388


 4.53346 9.39621 -0.814178
 4.25125 9.39335 -1.26932


 4.88718 9.77948 0.650291
 4.85923 9.66552 -0.527057


 3.75458 9.08164 -0.0827017
 3.79106 9.09242 -0.804386


 4.17569 7.88342 0.0233962
 4.39295 8.18961 -0.637754


 4.39295 8.18961 -0.637754
 4.51199 8.37274 -0.185562


 4.39295 8.18961 -0.637754
 4.346 8.41702 -1.40299


 4.39295 8.18961 -0.637754
 4.44794 8.30069 -0.659262


 4.39295 8.18961 -0.637754
 4.70895 8.07758 -0.576759


 4.51199 8.37274 -0.185562
 4.43689 8.76795 0.152844


 4.43689 8.76795 0.152844
 4.48054 8.78012 0.301192


 4.43689 8.76795 0.152844
 4.24905 8.69306 0.220901


 3.79106 9.09242 -0.804386
 3.71749 8.87429 -0.84813


 3.79106 9.09242 -0.804386
 3.64271 9.33742 -1.23198


 4.91697 9.42733 0.174407
 4.68593 9.40975 0.0485496


 3.45885 8.99739 -0.125513
 3.41567 8.8352 -0.0340698


 4.346 8.41702 -1.40299
 4.50394 8.42333 -1.28857


 4.346 8.41702 -1.40299
 4.092 8.77847 -1.93148


 4.346 8.41702 -1.40299
 4.28626 8.11824 -1.27496


 4.48054 8.78012 0.301192
 4.47823 8.58342 0.601446


 4.50394 8.42333 -1.28857
 4.96704 8.76026 -1.47967


 4.89645 9.95853 -0.0192093
 4.40163 9.69218 0.084658


 7.40005 9.62155 0.67661
 7.56402 9.0371 0.478606


 7.40005 9.62155 0.67661
 7.53133 9.62184 0.181543


 7.40005 9.62155 0.67661
 7.21888 9.68656 0.913652


 7.21888 9.68656 0.913652
 6.87231 9.68482 0.194771


 7.53133 9.62184 0.181543
 8.13214 9.31349 0.242954


 3.65428 8.4268 1.09141
 3.85246 8.66893 1.87766


 3.65428 8.4268 1.09141
 3.58 8.60407 1.55379


 3.27457 8.90716 0.657276
 3.22859 8.71947 0.772625


 3.27457 8.90716 0.657276
 2.57028 8.94349 0.658849


 4.26194 9.16235 1.10308
 4.38047 9.32053 1.42437


 4.26194 9.16235 1.10308
 3.98903 9.32862 1.00365


 3.88166 9.20403 2.98686
 4.18435 9.13984 2.58389


 3.88166 9.20403 2.98686
 4.04573 9.30782 2.80609


 3.88166 9.20403 2.98686
 3.53054 9.20848 -2.96398


 3.88166 9.20403 2.98686
 3.88806 9.53735 3.10393


 4.18435 9.13984 2.58389
 4.39713 9.03864 -3.01148


 4.24905 8.69306 0.220901
 4.15155 8.73297 0.528078


 3.63707 10.0204 1.65644
 2.97792 9.83868 1.70103


 3.63707 10.0204 1.65644
 3.8265 10.0028 1.6837


 3.63707 10.0204 1.65644
 3.72729 10.4942 1.62952


 3.8265 10.0028 1.6837
 3.8061 10.0187 1.71587


 3.8265 10.0028 1.6837
 4.23525 10.2534 1.51981


 3.8061 10.0187 1.71587
 3.80973 9.622 2.22978


 4.19951 10.1204 1.98714
 3.88154 10.2252 2.5683


 4.19951 10.1204 1.98714
 4.47024 10.1318 1.76129


 3.88154 10.2252 2.5683
 3.7491 10.2356 -2.9844


 4.41875 9.48382 2.78603
 3.88166 9.20403 2.98686


 4.41875 9.48382 2.78603
 4.7781 9.26568 2.90718


 4.45897 9.71889 -1.56388
 4.53492 9.6463 -2.49451


 4.45897 9.71889 -1.56388
 4.46339 10.285 -1.28419


 4.45897 9.71889 -1.56388
 4.97432 10.0102 -1.79192


 4.53492 9.6463 -2.49451
 4.41506 9.30976 -2.25902


 4.53492 9.6463 -2.49451
 4.50854 10.033 -2.18226


 4.53492 9.6463 -2.49451
 4.64784 9.86572 -2.78929


 3.7491 10.2356 -2.9844
 4.27746 10.4872 -2.74949


 4.39713 9.03864 -3.01148
 4.49823 8.7122 -2.57701


 4.49823 8.7122 -2.57701
 4.34175 8.28538 -2.44918


 4.49823 8.7122 -2.57701
 4.93521 8.43491 -2.20004


 3.53054 9.20848 -2.96398
 3.74841 9.23664 -2.79039


 4.27746 10.4872 -2.74949
 4.12872 10.3985 -2.94225


 4.27746 10.4872 -2.74949
 4.39874 10.3549 -2.85572


 3.88806 9.53735 3.10393
 4.19626 9.78772 3.09971


 2.815 9.24364 1.29633
 3.06432 9.26188 1.91298


 2.815 9.24364 1.29633
 2.96897 8.84301 1.57961


 4.84787 10.3582 0.978206
 4.98657 10.4284 2.07931


 4.84787 10.3582 0.978206
 4.90459 10.2404 1.26757


 4.84787 10.3582 0.978206
 4.91041 10.3867 -0.0274275


 4.87013 9.47612 2.2769
 4.41875 9.48382 2.78603


 4.87013 9.47612 2.2769
 4.97122 9.93535 2.28037


 4.87013 9.47612 2.2769
 4.69368 9.31531 2.17012


 4.90459 10.2404 1.26757
 4.92865 10.1577 1.2903


 4.90459 10.2404 1.26757
 4.64621 10.0997 1.2186


 4.39874 10.3549 -2.85572
 4.31076 10.3389 2.816


 9.26495 9.18023 2.78161
 9.06024 9.75803 2.96767


 10.2766 9.73649 0.269894
 9.77873 9.84541 0.662553


 10.2766 9.73649 0.269894
 10.3935 10.2645 -0.0605174


 10.2766 9.73649 0.269894
 10.2758 9.3941 0.997142


 9.77873 9.84541 0.662553
 9.40835 10.3057 0.892914


 9.06024 9.75803 2.96767
 8.46382 9.7759 2.749


 9.06024 9.75803 2.96767
 9.04602 10.1685 2.86192


 8.46382 9.7759 2.749
 7.88509 10.0965 2.83782


 10.3935 10.2645 -0.0605174
 10.1484 10.2354 -0.978798


 11.3306 9.84721 2.36587
 10.7376 10.145 2.28108


 9.40835 10.3057 0.892914
 9.18939 10.2869 -0.0795862


 7.88509 10.0965 2.83782
 7.51827 9.87175 2.28618


 7.51827 9.87175 2.28618
 7.60695 9.51195 1.62037


 7.51827 9.87175 2.28618
 7.60023 10.1335 1.42269


 7.51827 9.87175 2.28618
 7.71309 9.52449 2.26434


 7.51827 9.87175 2.28618
 7.41113 9.8177 -2.98561


 7.51827 9.87175 2.28618
 7.21854 10.2159 2.46948


 7.60695 9.51195 1.62037
 7.40005 9.62155 0.67661


 7.60695 9.51195 1.62037
 6.92207 9.60487 1.6501


 7.71309 9.52449 2.26434
 7.72261 8.87421 2.37566


 8.9408 9.40633 -2.09526
 8.8039 9.42563 -2.43687


 8.9408 9.40633 -2.09526
 8.56251 9.28637 -1.47694


 8.8039 9.42563 -2.43687
 8.55838 9.54939 -2.91552


 11.3007 10.1457 -2.93903
 11.2746 10.3837 2.69655


 4.46339 10.285 -1.28419
 4.07817 10.3676 -1.27392


 4.97432 10.0102 -1.79192
 4.7271 10.1322 -1.69521


 4.50854 10.033 -2.18226
 4.60741 9.80545 -1.98253


 4.50854 10.033 -2.18226
 4.51021 9.95713 -2.34968


 4.64784 9.86572 -2.78929
 4.86979 9.72443 -2.60672


 4.64784 9.86572 -2.78929
 4.7886 10.1627 -2.67424


 4.91041 10.3867 -0.0274275
 4.89645 9.95853 -0.0192093


 4.60741 9.80545 -1.98253
 4.51078 9.71025 -2.07209


 4.07817 10.3676 -1.27392
 3.95092 9.88696 -1.01486


 8.56251 9.28637 -1.47694
 8.05666 9.288 -1.77356


 8.05666 9.288 -1.77356
 7.43184 9.11012 -1.8863


 6.26319 3.8488 -1.39877
 5.87598 3.32697 -1.5112


 6.26319 3.8488 -1.39877
 6.57554 4.00725 -1.78679


 5.87598 3.32697 -1.5112
 5.78364 3.00771 -0.763863


 5.87598 3.32697 -1.5112
 6.03571 3.31077 -1.37501


 3.2805 1.81533 2.78619
 3.45536 1.13569 2.77771


 3.2805 1.81533 2.78619
 3.08581 1.7728 -2.48354


 3.45536 1.13569 2.77771
 3.19328 0.624029 3.03999


 3.45536 1.13569 2.77771
 3.74805 1.51836 2.32923


 2.05185 0.517057 -2.80277
 1.86407 0.659222 -2.64662


 2.05185 0.517057 -2.80277
 2.14813 0.792191 -2.94812


 3.6118 1.45484 -0.95921
 3.23013 0.869648 -0.957769


 3.6118 1.45484 -0.95921
 3.48576 1.40854 -1.1921


 3.6118 1.45484 -0.95921
 3.97113 1.46366 -1.65236


 3.6118 1.45484 -0.95921
 3.95633 1.17695 -0.432447


 3.23013 0.869648 -0.957769
 3.44113 1.0452 -0.927897


 2.06378 0.558349 -1.48322
 1.88198 1.20644 -1.54905


 2.14813 0.792191 -2.94812
 2.2502 0.787641 -2.5106


 2.2502 0.787641 -2.5106
 2.12534 0.83264 -2.16812


 4.44519 2.68014 2.83052
 4.72317 3.04327 2.59665


 4.44519 2.68014 2.83052
 4.5289 2.81677 2.3513


 3.97464 3.01282 3.01319
 4.44519 2.68014 2.83052


 4.40491 3.23534 -1.88968
 4.66115 2.76741 -2.23471


 4.40491 3.23534 -1.88968
 4.15532 3.57448 -2.45955


 4.40491 3.23534 -1.88968
 4.66132 3.03503 -1.70768


 4.66115 2.76741 -2.23471
 4.95046 3.20582 -2.59622


 3.22804 2.5913 -3.12278
 3.32741 2.43808 2.89481


 4.16986 3.65681 -3.02266
 3.89773 3.43133 -2.8825


 4.16986 3.65681 -3.02266
 4.38095 3.74109 3.04064


 4.95046 3.20582 -2.59622
 4.67065 3.23428 -2.98884


 3.97113 1.46366 -1.65236
 4.206 1.36549 -2.05792


 3.97113 1.46366 -1.65236
 3.87936 1.42831 -2.62908


 4.206 1.36549 -2.05792
 4.27112 1.63182 -2.26477


 3.48576 1.40854 -1.1921
 3.57071 1.42033 -1.87369


 3.48576 1.40854 -1.1921
 3.62183 0.980816 -1.3829


 3.08581 1.7728 -2.48354
 3.09112 1.42957 -2.15267


 3.62183 0.980816 -1.3829
 4.11608 0.510279 -1.4301


 4.03881 0.974448 2.1507
 4.61089 0.94568 2.2761


 4.61089 0.94568 2.2761
 4.5451 1.25402 2.4329


 4.61089 0.94568 2.2761
 4.47157 0.785565 2.83748


 4.27112 1.63182 -2.26477
 4.4515 1.50305 -2.81404


 3.2929 2.92034 -2.14168
 3.58942 3.12182 -1.72954


 4.4515 1.50305 -2.81404
 4.1094 1.7743 2.93029


 2.42866 0.599165 2.78252
 2.27644 0.583165 2.51485


 3.74805 1.51836 2.32923
 4.03881 0.974448 2.1507


 3.74805 1.51836 2.32923
 3.52544 1.53989 2.09472


 2.27644 0.583165 2.51485
 2.47633 0.750213 2.48352


 3.26864 0.620535 0.268775
 3.67679 0.578408 0.860172


 5.45682 5.19792 -0.909229
 5.73934 4.68629 -1.15235


 5.45682 5.19792 -0.909229
 5.7435 5.23014 -1.7443


 5.45682 5.19792 -0.909229
 5.49499 5.49604 -0.0982982


 5.45682 5.19792 -0.909229
 5.31384 5.82876 -1.02759


 5.73934 4.68629 -1.15235
 6.33222 4.38583 -1.06964


 5.73934 4.68629 -1.15235
 5.75704 4.9996 -1.06249


 5.73934 4.68629 -1.15235
 5.58465 4.59268 -1.04343


 6.42949 4.3674 -2.28367
 6.1735 4.08678 -2.65812


 6.42949 4.3674 -2.28367
 6.66847 4.48911 -1.91368


 6.42949 4.3674 -2.28367
 6.65219 4.40309 3.03857


 5.78364 3.00771 -0.763863
 5.53828 3.52967 -0.668343


 6.1735 4.08678 -2.65812
 5.63052 3.80366 -2.84542


 6.1735 4.08678 -2.65812
 5.96729 3.95865 -2.50832


 6.1735 4.08678 -2.65812
 6.47962 3.91023 -3.00717


 5.53828 3.52967 -0.668343
 5.89867 3.73968 -0.0905572


 5.63052 3.80366 -2.84542
 5.66101 4.13277 2.79552


 5.63052 3.80366 -2.84542
 5.73845 3.11431 -2.86196


 5.63052 3.80366 -2.84542
 5.80229 3.49773 -2.70488


 5.66101 4.13277 2.79552
 5.63535 4.18727 2.98286


 5.89867 3.73968 -0.0905572
 6.11729 4.13834 -0.0462674


 5.89867 3.73968 -0.0905572
 6.45763 3.4091 0.0104369


 6.07695 4.6498 -3.08441
 6.00535 4.50121 2.94785


 5.35625 5.49643 -2.67993
 5.43939 5.05182 -2.58216


 5.35625 5.49643 -2.67993
 4.85027 5.67524 -2.41581


 5.35625 5.49643 -2.67993
 5.38196 5.47401 -2.47524


 5.84483 3.13737 1.33221
 5.69373 3.18799 1.97567


 5.84483 3.13737 1.33221
 5.92767 3.0954 0.795036


 5.84483 3.13737 1.33221
 5.91464 3.52083 1.57971


 5.84483 3.13737 1.33221
 5.83597 3.19444 1.72786


 4.5058 3.16308 -0.725852
 4.40491 3.23534 -1.88968


 4.5058 3.16308 -0.725852
 4.90339 3.67245 -0.752767


 4.5058 3.16308 -0.725852
 4.96472 2.82063 -0.992673


 4.90339 3.67245 -0.752767
 4.92757 4.26516 -0.527132


 5.92767 3.0954 0.795036
 5.8135 3.48661 0.655491


 6.55067 4.54387 -2.81024
 6.57477 4.43605 -2.69559


 5.10747 1.03813 -0.114826
 5.50192 0.983217 -0.730338


 5.10747 1.03813 -0.114826
 5.36748 1.58533 -0.315197


 5.10747 1.03813 -0.114826
 5.41956 1.0453 0.280842


 5.50192 0.983217 -0.730338
 5.78376 1.37937 -1.17001


 3.95633 1.17695 -0.432447
 4.4255 0.925177 -0.0853165


 3.95633 1.17695 -0.432447
 4.27446 1.36736 -0.925369


 4.96472 2.82063 -0.992673
 4.52303 2.43593 -1.00371


 4.4255 0.925177 -0.0853165
 5.10747 1.03813 -0.114826


 4.4255 0.925177 -0.0853165
 4.68705 0.534565 0.123316


 5.36748 1.58533 -0.315197
 5.81094 1.90274 0.00612968


 5.36748 1.58533 -0.315197
 5.29923 1.6525 -0.46014


 5.36748 1.58533 -0.315197
 5.31842 1.72567 0.799504


 5.41956 1.0453 0.280842
 6.04617 0.803627 0.349683


 5.81094 1.90274 0.00612968
 5.8212 2.13301 -0.0411333


 5.81094 1.90274 0.00612968
 6.2237 2.2816 0.297616


 6.04617 0.803627 0.349683
 6.39158 0.660569 -0.314629


 6.04617 0.803627 0.349683
 6.43244 1.3447 0.26727


 5.78376 1.37937 -1.17001
 6.11701 1.63459 -1.11376


 5.78376 1.37937 -1.17001
 5.87878 0.918968 -1.64184


 6.11701 1.63459 -1.11376
 6.0043 2.13801 -1.49403


 6.79626 1.35975 2.78475
 6.13115 1.46329 2.85054


 6.79626 1.35975 2.78475
 6.90371 1.44348 -2.63801


 6.79626 1.35975 2.78475
 7.23664 1.6145 2.47158


 6.13115 1.46329 2.85054
 6.30888 0.948426 3.05618


 6.13115 1.46329 2.85054
 5.94141 1.07916 2.29537


 4.0445 2.17015 -1.06241
 4.35072 2.10408 -1.38038


 7.74208 1.46947 -0.414695
 7.57609 1.02951 -0.886265


 5.87878 0.918968 -1.64184
 5.79472 0.778059 -2.72571


 5.87878 0.918968 -1.64184
 6.40804 0.85578 -1.49439


 8.13576 0.836155 -0.309869
 8.3159 0.548185 -1.03383


 8.13576 0.836155 -0.309869
 8.23286 0.777399 0.189332


 6.0043 2.13801 -1.49403
 5.95139 2.05845 -2.37804


 5.79472 0.778059 -2.72571
 5.60527 1.11802 -2.6201


 6.40804 0.85578 -1.49439
 6.39651 0.574646 -2.34368


 6.40804 0.85578 -1.49439
 6.51352 0.889876 -1.60791


 5.60527 1.11802 -2.6201
 5.57421 1.21337 -2.12697


 6.56458 1.67076 -2.45139
 6.24625 1.47168 -2.41204


 6.24625 1.47168 -2.41204
 5.9652 1.27988 -2.30505


 5.95139 2.05845 -2.37804
 5.87189 1.85239 -2.01994


 4.72876 1.80086 0.928316
 4.91814 1.53572 0.331723


 7.35787 3.88863 -1.93506
 7.43308 3.19155 -1.94484


 7.43308 3.19155 -1.94484
 7.49986 3.05574 -2.7725


 5.73845 3.11431 -2.86196
 5.52101 3.20736 2.93563


 5.80229 3.49773 -2.70488
 6.01195 3.25411 -2.69522


 5.80229 3.49773 -2.70488
 6.04654 3.51363 -2.5574


 6.84623 3.15145 2.80119
 6.30991 3.50788 2.83019


 6.84623 3.15145 2.80119
 6.59459 3.0135 2.91612


 6.30991 3.50788 2.83019
 6.005 3.75059 2.6637


 8.98537 1.03753 0.121631
 8.91417 1.03988 -1.14792


 8.98537 1.03753 0.121631
 9.25202 1.1998 -0.512825


 8.98537 1.03753 0.121631
 9.02827 0.608545 0.67142


 8.98537 1.03753 0.121631
 8.6264 0.959473 -0.184735


 8.91417 1.03988 -1.14792
 9.11264 0.822464 -1.97119


 8.91417 1.03988 -1.14792
 8.33443 1.42166 -1.1242


 8.91417 1.03988 -1.14792
 8.59279 1.17149 -1.58945


 8.91417 1.03988 -1.14792
 9.55042 0.743403 -1.13977


 8.91417 1.03988 -1.14792
 8.97634 0.943558 -1.42584


 9.11264 0.822464 -1.97119
 9.75431 0.959585 -2.07091


 9.11264 0.822464 -1.97119
 8.77671 0.714352 -2.67743


 8.33443 1.42166 -1.1242
 8.31924 1.48628 -0.248888


 8.33443 1.42166 -1.1242
 8.51527 1.93253 -0.79605


 6.59459 3.0135 2.91612
 6.72296 3.0839 -2.38315


 8.59279 1.17149 -1.58945
 8.9207 1.3951 -1.47834


 9.55042 0.743403 -1.13977
 9.95097 1.25448 -1.25311


 9.75431 0.959585 -2.07091
 9.66083 0.589988 -2.24896


 9.75431 0.959585 -2.07091
 9.79002 0.870424 -1.85011


 9.75431 0.959585 -2.07091
 9.51908 1.308 -2.64218


 6.96896 3.99254 -1.52507
 6.94799 4.18048 -1.66


 6.90371 1.44348 -2.63801
 7.36116 1.54241 -2.16203


 6.90371 1.44348 -2.63801
 7.36486 1.08233 -2.74956


 6.90371 1.44348 -2.63801
 6.79743 1.4135 -2.20384


 7.36116 1.54241 -2.16203
 7.28272 1.96957 -1.6186


 9.71632 1.81536 -0.757996
 9.90264 2.04684 -1.57574


 9.71632 1.81536 -0.757996
 9.81989 1.84312 -0.516116


 9.90264 2.04684 -1.57574
 9.32669 2.27005 -1.7524


 7.36486 1.08233 -2.74956
 7.67426 1.37265 -3.03427


 6.79743 1.4135 -2.20384
 6.56458 1.67076 -2.45139


 8.51527 1.93253 -0.79605
 8.71359 1.77146 -1.21374


 8.71359 1.77146 -1.21374
 8.9152 1.77606 -1.13394


 7.28272 1.96957 -1.6186
 7.76231 2.19695 -1.96912


 5.1846 5.73263 0.53318
 5.2562 6.39414 0.451891


 5.1846 5.73263 0.53318
 5.1155 5.71929 1.80446


 5.1846 5.73263 0.53318
 4.76007 5.98046 0.104293


 5.1846 5.73263 0.53318
 4.97915 5.76088 0.517574


 5.2562 6.39414 0.451891
 4.91939 6.67259 0.989897


 5.2562 6.39414 0.451891
 5.39022 6.3357 1.29037


 5.2562 6.39414 0.451891
 5.8979 6.30341 0.567767


 6.0551 6.02485 -2.0632
 5.96914 6.28092 -1.87691


 5.31384 5.82876 -1.02759
 5.35411 6.29488 -1.5039


 5.31384 5.82876 -1.02759
 5.20724 5.96073 -0.513215


 5.31384 5.82876 -1.02759
 5.00849 5.65399 -1.31554


 5.35411 6.29488 -1.5039
 5.75472 6.82934 -1.42774


 5.35411 6.29488 -1.5039
 5.30733 6.39912 -1.94292


 5.75472 6.82934 -1.42774
 5.93014 6.6047 -2.26973


 5.75472 6.82934 -1.42774
 5.37732 6.74314 -1.0661


 5.75472 6.82934 -1.42774
 5.76726 6.90742 -0.73393


 5.93014 6.6047 -2.26973
 5.3584 6.97567 -2.22079


 5.93014 6.6047 -2.26973
 6.35885 6.58537 -2.19594


 5.93014 6.6047 -2.26973
 6.0464 6.8637 -2.44169


 5.3584 6.97567 -2.22079
 5.41423 6.87295 -2.12015


 6.35885 6.58537 -2.19594
 6.22411 6.46475 -3.05832


 5.41423 6.87295 -2.12015
 5.54903 6.82759 3.03546


 5.76726 6.90742 -0.73393
 5.66793 6.61159 -0.439335


 5.76726 6.90742 -0.73393
 6.08442 6.686 -0.804645


 5.76726 6.90742 -0.73393
 5.75469 6.82901 -0.684905


 5.30733 6.39912 -1.94292
 5.21386 6.52102 -2.22682


 5.30733 6.39912 -1.94292
 4.87963 6.42807 -2.4976


 5.54903 6.82759 3.03546
 5.34016 6.46829 2.59379


 5.21386 6.52102 -2.22682
 5.5302 6.55281 -2.38205


 6.22411 6.46475 -3.05832
 6.28309 6.30994 -2.87926


 6.0463 5.75433 -3.00892
 6.09748 5.74363 -2.71272


 5.66793 6.61159 -0.439335
 6.26391 6.38021 -0.305934


 5.66793 6.61159 -0.439335
 5.59968 6.7974 -0.522382


 5.59968 6.7974 -0.522382
 5.35138 6.98187 -0.11923


 6.70601 6.84191 -3.03219
 6.70286 6.77982 -2.8912


 4.06873 7.45256 -1.59624
 4.41496 7.18291 -2.13058


 4.06873 7.45256 -1.59624
 3.96554 7.25798 -1.21384


 4.06873 7.45256 -1.59624
 4.02939 8.07322 -1.76444


 4.06873 7.45256 -1.59624
 4.3018 7.5621 -1.93898


 4.84573 6.1974 -0.315298
 4.94937 6.26337 -1.12029


 4.84573 6.1974 -0.315298
 5.18576 6.4799 -0.37971


 4.84573 6.1974 -0.315298
 4.57325 6.41204 -0.627062


 4.94937 6.26337 -1.12029
 4.95854 6.2713 -1.35238


 5.57717 5.49758 0.350791
 5.92191 5.47423 1.07177


 5.20724 5.96073 -0.513215
 5.16607 5.98594 -0.848603


 5.04513 5.65047 -2.96969
 5.17883 5.58605 -2.98342


 5.04513 5.65047 -2.96969
 4.91677 5.68147 2.87574


 5.94317 5.27645 2.08595
 6.19565 5.78882 2.35558


 5.94317 5.27645 2.08595
 6.18669 4.87025 1.97416


 5.6446 5.69132 -3.08912
 5.63532 5.54935 2.83619


 5.6446 5.69132 -3.08912
 6.0463 5.75433 -3.00892


 4.85027 5.67524 -2.41581
 4.71183 5.82025 -2.55545


 4.85027 5.67524 -2.41581
 5.04513 5.65047 -2.96969


 4.71978 6.74762 1.97543
 4.75403 6.762 -3.11764


 4.75403 6.762 -3.11764
 4.87957 7.32053 -2.85054


 4.67694 7.60762 -0.180353
 4.90533 7.74915 0.694293


 4.67694 7.60762 -0.180353
 4.51295 7.92744 -0.208353


 4.02204 7.83753 -0.156486
 4.67694 7.60762 -0.180353


 4.02204 7.83753 -0.156486
 4.17569 7.88342 0.0233962


 4.02204 7.83753 -0.156486
 3.58053 7.56864 0.221653


 4.91939 6.67259 0.989897
 4.38256 6.75162 0.977541


 4.91939 6.67259 0.989897
 4.71978 6.74762 1.97543


 4.76007 5.98046 0.104293
 4.84573 6.1974 -0.315298


 4.57325 6.41204 -0.627062
 4.22185 6.2326 -0.336541


 4.51295 7.92744 -0.208353
 4.57198 7.93265 0.512172


 4.51295 7.92744 -0.208353
 4.6105 8.02912 0.0936487


 4.08042 7.4587 -0.662099
 4.51366 7.17448 -0.593839


 4.08042 7.4587 -0.662099
 4.06873 7.45256 -1.59624


 4.08042 7.4587 -0.662099
 4.23854 7.60579 -0.500387


 4.51366 7.17448 -0.593839
 4.46025 6.93791 -0.251677


 4.51366 7.17448 -0.593839
 4.33891 7.15131 -0.743179


 4.46025 6.93791 -0.251677
 4.27587 7.00687 0.335655


 4.46025 6.93791 -0.251677
 4.93206 7.14309 -0.276314


 4.87957 7.32053 -2.85054
 4.91174 7.43613 -2.01718


 4.91174 7.43613 -2.01718
 4.85979 7.5061 -2.50234


 4.93206 7.14309 -0.276314
 4.8037 7.21674 -0.157669


 4.80159 5.26757 2.11633
 4.44708 5.12525 1.94892


 4.80159 5.26757 2.11633
 4.62858 5.76304 2.47874


 4.80159 5.26757 2.11633
 4.74027 5.37179 2.66042


 4.80159 5.26757 2.11633
 4.78128 5.23648 2.07127


 4.80159 5.26757 2.11633
 4.52857 5.29861 2.2785


 4.80159 5.26757 2.11633
 4.77434 5.3594 1.67069


 4.80159 5.26757 2.11633
 4.85491 5.22781 2.12845


 4.44708 5.12525 1.94892
 4.24533 5.3277 1.24027


 5.1155 5.71929 1.80446
 4.80159 5.26757 2.11633


 5.1155 5.71929 1.80446
 5.46312 5.77975 1.93017


 4.97915 5.76088 0.517574
 4.96553 5.96818 0.81002


 4.97915 5.76088 0.517574
 4.94225 5.76067 1.12901


 4.74027 5.37179 2.66042
 4.57005 5.25011 2.91038


 4.24533 5.3277 1.24027
 4.19377 5.53184 1.83739


 4.94225 5.76067 1.12901
 5.21686 5.43567 1.13508


 4.94225 5.76067 1.12901
 4.78546 5.83804 1.59045


 5.21686 5.43567 1.13508
 5.29884 5.52308 1.31051


 5.21686 5.43567 1.13508
 5.10541 5.30606 1.43176


 5.39022 6.3357 1.29037
 4.95614 6.29038 1.32016


 5.39022 6.3357 1.29037
 5.44385 6.03143 1.48135


 5.39022 6.3357 1.29037
 5.74389 6.71304 1.46876


 4.95614 6.29038 1.32016
 4.39231 6.21562 1.11828


 4.57005 5.25011 2.91038
 4.78603 5.15839 -2.99812


 4.85491 5.22781 2.12845
 4.91609 5.13267 1.90751


 6.15012 4.77939 0.931288
 5.9438 4.88995 0.706483


 5.9438 4.88995 0.706483
 5.86151 5.22171 0.584301


 5.44385 6.03143 1.48135
 5.54166 5.88691 1.59946


 7.00961 6.88013 1.14241
 6.50545 6.90414 1.54498


 7.00961 6.88013 1.14241
 7.14556 6.68933 0.471011


 6.50545 6.90414 1.54498
 6.47087 6.83657 1.7527


 6.50545 6.90414 1.54498
 6.49739 6.7364 1.42356


 5.74389 6.71304 1.46876
 5.95592 6.71503 1.03625


 3.35981 7.04882 -0.060897
 3.11193 7.06722 0.854024


 3.35981 7.04882 -0.060897
 3.86313 7.11865 -0.362404


 3.35981 7.04882 -0.060897
 3.14658 7.27247 -0.635274


 3.35981 7.04882 -0.060897
 3.07502 6.42114 -0.0273955


 3.11193 7.06722 0.854024
 3.03316 7.25161 0.550498


 3.11193 7.06722 0.854024
 3.13522 7.42319 0.862162


 3.11193 7.06722 0.854024
 3.18387 7.18296 0.782244


 3.11193 7.06722 0.854024
 3.4534 6.55487 0.838066


 3.11193 7.06722 0.854024
 3.05638 6.99444 1.00776


 3.75498 8.46377 -0.106076
 4.02204 7.83753 -0.156486


 3.75498 8.46377 -0.106076
 3.84316 8.30464 -0.625189


 3.75498 8.46377 -0.106076
 3.65097 8.32074 -0.343343


 3.75498 8.46377 -0.106076
 3.65428 8.4268 1.09141


 3.75498 8.46377 -0.106076
 4.04883 8.34145 0.459082


 3.86313 7.11865 -0.362404
 4.08042 7.4587 -0.662099


 3.14658 7.27247 -0.635274
 3.39019 7.32585 -1.54852


 3.39019 7.32585 -1.54852
 3.39688 7.70576 -2.18833


 3.39019 7.32585 -1.54852
 3.4701 7.26084 -2.65683


 3.39019 7.32585 -1.54852
 3.13533 7.10664 -1.9253


 4.02939 8.07322 -1.76444
 3.78542 7.8929 -1.2302


 4.02939 8.07322 -1.76444
 4.16177 8.05196 -1.86971


 3.39688 7.70576 -2.18833
 3.17578 8.07052 -2.20516


 3.39688 7.70576 -2.18833
 3.51793 8.15747 -2.39502


 3.4701 7.26084 -2.65683
 3.49477 7.35562 3.09642


 4.22546 7.40087 -3.10884
 3.94652 7.16944 -2.84786


 2.96897 8.84301 1.57961
 2.46386 8.39764 1.51442


 3.69573 7.64803 2.23546
 3.11856 7.98069 2.15576


 3.69573 7.64803 2.23546
 3.87928 8.00565 1.68977


 3.69573 7.64803 2.23546
 3.87087 7.86503 2.57093


 3.69573 7.64803 2.23546
 3.69457 7.64233 1.5607


 3.11856 7.98069 2.15576
 3.06613 8.13673 2.06911


 3.22859 8.71947 0.772625
 3.19073 8.55803 0.586807


 3.19073 8.55803 0.586807
 3.45687 8.61932 0.651831


 3.57521 7.93765 1.00295
 3.81854 8.05995 1.14868


 3.81854 8.05995 1.14868
 4.25345 7.94673 1.19058


 3.81854 8.05995 1.14868
 3.91824 7.9271 1.12421


 3.81854 8.05995 1.14868
 3.77497 7.95552 0.68688


 3.06613 8.13673 2.06911
 3.40415 8.33445 1.94051


 3.53094 8.29921 2.88012
 3.20594 8.33983 3.12424


 3.40415 8.33445 1.94051
 3.24563 8.25115 1.60242


 3.87087 7.86503 2.57093
 4.46845 7.83319 2.7861


 3.87087 7.86503 2.57093
 3.53094 8.29921 2.88012


 3.87087 7.86503 2.57093
 3.91102 8.14756 2.40891


 3.87087 7.86503 2.57093
 3.53786 7.96868 2.51447


 4.46845 7.83319 2.7861
 4.11188 7.37336 2.97301


 3.83307 7.58242 1.12785
 3.69573 7.64803 2.23546


 3.83307 7.58242 1.12785
 3.57521 7.93765 1.00295


 4.11188 7.37336 2.97301
 4.2774 7.24651 2.20664


 4.11188 7.37336 2.97301
 4.22546 7.40087 -3.10884


 4.04883 8.34145 0.459082
 4.15717 8.39398 1.00472


 4.2774 7.24651 2.20664
 4.29367 7.23246 1.7664


 3.71817 6.47829 2.70808
 3.86803 6.87187 3.04434


 3.58053 7.56864 0.221653
 3.35981 7.04882 -0.060897


 3.58053 7.56864 0.221653
 3.83307 7.58242 1.12785


 3.58053 7.56864 0.221653
 3.65221 7.80506 -0.058089


 3.6528 6.53149 1.0726
 3.89834 6.50999 0.565264


 3.6528 6.53149 1.0726
 3.67203 6.56878 1.46536


 0.934194 7.08979 -2.64781
 0.586916 6.92333 2.99356


 0.934194 7.08979 -2.64781
 0.974078 6.40103 -2.61559


 0.586916 6.92333 2.99356
 0.62431 7.46201 2.66148


 0.586916 6.92333 2.99356
 0.590215 6.4526 2.87036


 0.586916 6.92333 2.99356
 0.559372 6.88202 3.10857


 0.586916 6.92333 2.99356
 0.92985 6.98844 3.06098


 1.37893 7.77263 -3.04367
 1.84661 7.38379 3.04391


 1.37893 7.77263 -3.04367
 1.29426 7.8048 2.61808


 1.84661 7.38379 3.04391
 2.22762 6.99897 -2.91031


 1.84661 7.38379 3.04391
 1.6096 7.2379 2.45105


 1.84661 7.38379 3.04391
 1.66385 7.47269 3.07461


 2.22762 6.99897 -2.91031
 2.47987 6.96552 -2.81381


 2.22762 6.99897 -2.91031
 2.27521 7.28194 -2.07218


 0.62431 7.46201 2.66148
 0.807253 7.59947 1.93905


 0.62431 7.46201 2.66148
 0.923172 7.63207 2.97274


 0.62431 7.46201 2.66148
 0.914713 7.45888 2.64078


 0.62431 7.46201 2.66148
 0.565605 7.87443 2.47291


 0.858381 6.8528 0.655632
 0.529772 7.04072 0.824936


 0.858381 6.8528 0.655632
 1.23232 7.13108 1.13543


 0.91936 6.05691 2.71508
 0.965502 5.49503 2.4306


 0.91936 6.05691 2.71508
 0.92569 5.90229 2.43313


 1.23232 7.13108 1.13543
 1.25982 7.26174 1.8525


 1.23232 7.13108 1.13543
 1.19837 7.21702 1.26726


 1.25982 7.26174 1.8525
 0.964062 6.84821 1.65858


 0.807253 7.59947 1.93905
 0.944474 8.05219 2.2855


 0.807253 7.59947 1.93905
 0.645944 7.4885 1.48719


 0.964062 6.84821 1.65858
 1.04507 6.42858 2.01584


 0.964062 6.84821 1.65858
 0.646582 6.70099 1.82793


 1.6096 7.2379 2.45105
 1.65536 6.65629 2.59057


 1.6096 7.2379 2.45105
 1.70032 7.3389 2.11716


 1.04507 6.42858 2.01584
 0.652459 6.1116 2.04088


 2.77555 8.64631 3.02077
 2.24398 8.34617 2.82965


 2.77555 8.64631 3.02077
 2.8457 8.52491 -2.69787


 0.686855 6.67518 -2.69314
 0.687145 6.64293 -2.43734


 0.965502 5.49503 2.4306
 0.679963 5.32144 1.6869


 1.62235 7.00851 -2.33911
 1.59179 7.15233 -1.54823


 1.29426 7.8048 2.61808
 1.21056 7.83295 2.85604


 1.29426 7.8048 2.61808
 1.76638 7.71864 2.62066


 0.92985 6.98844 3.06098
 0.784191 7.10601 3.11074


 1.65536 6.65629 2.59057
 1.76986 6.86189 2.61246


 0.529772 7.04072 0.824936
 0.613145 6.92124 0.470155


 2.16178 6.13028 3.11115
 2.25441 6.51124 2.99101


 2.25441 6.51124 2.99101
 2.03561 6.59391 2.78413


 1.76638 7.71864 2.62066
 1.97454 7.72197 2.87745


 1.82844 6.26073 1.0476
 2.27812 5.73969 1.01208


 1.82844 6.26073 1.0476
 1.84487 6.10579 0.667861


 1.82844 6.26073 1.0476
 1.94218 6.69348 1.02137


 1.82844 6.26073 1.0476
 2.09165 6.40948 1.09781


 1.82844 6.26073 1.0476
 1.83559 6.22336 1.38226


 3.4534 6.55487 0.838066
 3.35571 6.43638 1.47769


 3.4534 6.55487 0.838066
 3.55242 6.62969 1.98038


 3.4534 6.55487 0.838066
 3.6528 6.53149 1.0726


 3.35571 6.43638 1.47769
 3.1259 6.49066 1.56781


 3.55242 6.62969 1.98038
 3.19449 6.69978 2.18427


 3.55242 6.62969 1.98038
 3.99266 6.44866 2.01945


 3.19449 6.69978 2.18427
 3.07175 6.36256 2.21478


 3.19449 6.69978 2.18427
 3.13134 7.01042 2.92089


 3.99266 6.44866 2.01945
 4.04559 6.13211 2.26472


 2.46073 6.10605 2.11262
 2.46037 6.31873 1.98976


 2.46073 6.10605 2.11262
 2.12743 6.44692 1.91343


 3.06296 6.47259 0.634157
 3.13163 6.56538 0.981183


 3.43689 6.20347 2.73726
 3.71817 6.47829 2.70808


 0.679963 5.32144 1.6869
 0.917882 5.53317 1.25297


 1.84265 5.89058 1.73933
 1.86533 5.73809 1.93993


 1.84265 5.89058 1.73933
 1.27945 5.92362 1.79408


 2.12743 6.44692 1.91343
 2.28656 6.72921 2.03759


 1.85269 6.03604 -3.04843
 2.16178 6.13028 3.11115


 1.85269 6.03604 -3.04843
 1.81424 6.2037 2.62655


 2.28656 6.72921 2.03759
 1.99191 6.85208 2.08579


 2.28656 6.72921 2.03759
 2.32934 7.11835 1.66965


 1.84487 6.10579 0.667861
 1.46233 6.60635 0.577782


 1.84487 6.10579 0.667861
 1.67756 5.69187 0.738342


 1.84487 6.10579 0.667861
 2.38298 6.19351 0.530702


 1.46233 6.60635 0.577782
 1.52921 6.34408 0.717106


 1.46233 6.60635 0.577782
 1.33466 6.54288 0.52915


 1.14704 6.1725 1.08544
 1.82844 6.26073 1.0476


 1.94218 6.69348 1.02137
 2.22296 6.96292 1.04327


 1.76095 7.6989 -0.0417957
 1.6819 7.13704 0.0586183


 1.76095 7.6989 -0.0417957
 1.58717 7.62101 -0.360049


 1.76095 7.6989 -0.0417957
 1.76681 7.88375 0.247764


 1.6819 7.13704 0.0586183
 2.14657 7.20299 0.531983


 2.27521 7.28194 -2.07218
 2.12509 7.56878 -1.30764


 2.24398 8.34617 2.82965
 2.44085 8.14302 2.77326


 2.24398 8.34617 2.82965
 2.24131 8.25352 -2.98191


 2.14657 7.20299 0.531983
 2.37037 6.94488 -0.196797


 1.33241 8.0563 0.896787
 1.68298 7.61964 1.01368


 2.37037 6.94488 -0.196797
 2.06374 6.72058 -0.849004


 2.12509 7.56878 -1.30764
 2.17222 7.4351 -0.552006


 2.17222 7.4351 -0.552006
 2.19217 7.34603 -0.675483


 7.33815 3.39053 0.302904
 7.07436 3.37977 1.18691


 7.33815 3.39053 0.302904
 6.91716 3.02335 0.212996


 7.07436 3.37977 1.18691
 6.45214 3.49706 1.33258


 7.07436 3.37977 1.18691
 7.27844 3.96568 1.07695


 7.07436 3.37977 1.18691
 7.31316 3.28887 0.92623


 7.07436 3.37977 1.18691
 7.08752 3.0787 1.99622


 6.87441 3.46901 2.3031
 6.84623 3.15145 2.80119


 6.87441 3.46901 2.3031
 6.88822 3.19943 2.19617


 6.87441 3.46901 2.3031
 6.95044 3.5168 2.59062


 6.48363 4.36928 1.23798
 6.59969 4.38805 0.929618


 7.40069 3.42233 -0.0954615
 7.33815 3.39053 0.302904


 7.40069 3.42233 -0.0954615
 7.16619 3.31195 -0.653116


 7.08752 3.0787 1.99622
 6.87441 3.46901 2.3031


 7.08752 3.0787 1.99622
 7.38182 3.30856 2.6614


 6.45214 3.49706 1.33258
 5.84483 3.13737 1.33221


 6.53645 4.45243 1.55514
 6.65549 4.19137 2.21302


 6.53645 4.45243 1.55514
 6.48363 4.36928 1.23798


 6.65549 4.19137 2.21302
 6.37951 4.48265 2.26683


 6.65549 4.19137 2.21302
 7.31276 4.24734 2.12029


 6.65549 4.19137 2.21302
 6.32338 4.1217 2.11448


 5.67647 4.26493 0.633712
 5.6987 4.40293 1.27435


 5.67647 4.26493 0.633712
 5.64648 3.90925 0.817087


 5.6987 4.40293 1.27435
 5.75675 4.42376 0.931015


 6.32338 4.1217 2.11448
 5.89926 3.95937 1.86994


 6.45763 3.4091 0.0104369
 6.33357 3.42079 0.486516


 8.91335 2.38529 3.04007
 8.57651 2.12914 -2.67743


 8.91335 2.38529 3.04007
 8.65756 2.94524 -3.06232


 8.57651 2.12914 -2.67743
 8.40617 2.09816 -2.70679


 7.38182 3.30856 2.6614
 7.10598 3.41306 -2.88755


 9.55105 2.10999 3.0172
 8.91335 2.38529 3.04007


 9.55105 2.10999 3.0172
 9.77768 2.74281 3.08488


 8.65756 2.94524 -3.06232
 9.04343 3.21769 -2.99253


 8.65756 2.94524 -3.06232
 8.32417 2.98356 2.82641


 8.65756 2.94524 -3.06232
 8.7228 2.65018 -2.9962


 8.65756 2.94524 -3.06232
 9.02436 2.95143 -2.38398


 9.04343 3.21769 -2.99253
 9.00978 3.27867 2.67592


 7.23664 1.6145 2.47158
 7.65584 1.88579 2.88495


 7.23664 1.6145 2.47158
 7.0472 1.83415 2.58205


 8.32417 2.98356 2.82641
 8.31259 3.38406 2.21573


 9.79207 3.90644 2.62665
 9.98317 4.54173 2.54145


 9.79207 3.90644 2.62665
 9.38621 4.06983 -3.11954


 9.79207 3.90644 2.62665
 9.64715 3.77941 1.60004


 9.88965 3.43976 3.08513
 9.79207 3.90644 2.62665


 6.93018 1.45005 0.796849
 6.85603 1.94436 0.539869


 6.85603 1.94436 0.539869
 6.70803 2.24626 0.389777


 6.2237 2.2816 0.297616
 6.41333 2.16548 1.26493


 9.51042 2.23855 0.461205
 9.95339 1.9359 0.122148


 9.51042 2.23855 0.461205
 9.58366 2.87731 0.58734


 9.51042 2.23855 0.461205
 9.412 2.45963 -0.466826


 9.51042 2.23855 0.461205
 9.51079 1.98402 0.462828


 9.95339 1.9359 0.122148
 9.71632 1.81536 -0.757996


 9.95339 1.9359 0.122148
 9.9135 1.30704 0.273938


 8.08695 1.10103 0.947218
 8.63736 1.27578 0.690152


 8.08695 1.10103 0.947218
 8.25791 0.683388 1.45669


 8.63736 1.27578 0.690152
 8.78746 1.6683 1.26171


 8.63736 1.27578 0.690152
 8.98537 1.03753 0.121631


 8.63736 1.27578 0.690152
 8.92972 1.41092 0.703835


 8.63736 1.27578 0.690152
 8.63484 1.31945 1.70348


 8.78746 1.6683 1.26171
 9.42097 1.95662 1.28167


 9.42097 1.95662 1.28167
 9.74454 1.6647 1.82212


 9.42097 1.95662 1.28167
 9.51042 2.23855 0.461205


 9.42097 1.95662 1.28167
 9.19808 2.12975 1.52841


 9.42097 1.95662 1.28167
 9.6516 1.86526 0.973249


 9.74454 1.6647 1.82212
 9.92485 1.79926 2.57733


 9.92485 1.79926 2.57733
 9.55105 2.10999 3.0172


 9.92485 1.79926 2.57733
 9.95483 1.39482 2.41542


 9.25202 1.1998 -0.512825
 9.08242 1.24465 -0.771991


 9.77768 2.74281 3.08488
 9.88965 3.43976 3.08513


 9.77768 2.74281 3.08488
 9.94894 2.87023 -2.92571


 9.77768 2.74281 3.08488
 9.49383 2.51843 -2.95407


 9.95483 1.39482 2.41542
 9.59084 0.856928 2.30235


 8.31924 1.48628 -0.248888
 8.13576 0.836155 -0.309869


 8.31924 1.48628 -0.248888
 7.74208 1.46947 -0.414695


 9.9135 1.30704 0.273938
 9.79969 0.816155 0.678158


 9.9135 1.30704 0.273938
 9.63152 1.06217 -0.0175332


 9.19808 2.12975 1.52841
 8.65633 2.27074 1.82085


 9.64715 3.77941 1.60004
 9.83073 3.86811 1.93739


 9.83073 3.86811 1.93739
 9.53443 3.94966 1.95217


 9.17582 3.19431 0.966271
 9.38313 3.22677 1.65685


 9.06473 1.58118 1.97025
 9.2232 1.26055 1.65556


 9.06473 1.58118 1.97025
 8.79174 1.73378 1.91086


 14.2144 5.30912 1.28807
 14.4226 5.08352 2.08614


 14.2144 5.30912 1.28807
 13.8474 4.76977 1.18079


 13.8474 4.76977 1.18079
 13.446 4.2674 1.30681


 13.2064 3.61774 1.33395
 13.1746 3.0149 1.12927


 13.1746 3.0149 1.12927
 13.356 2.46203 0.881016


 13.356 2.46203 0.881016
 13.5375 1.90916 0.63276


 13.5375 1.90916 0.63276
 13.7189 1.35629 0.384504


 13.5375 1.90916 0.63276
 13.9398 1.88098 1.23821


 13.7189 1.35629 0.384504
 13.9004 0.803425 0.136248


 4.02855 2.01688 1.01025
 3.48371 1.78364 1.12291


 5.31842 1.72567 0.799504
 5.18248 2.06511 1.17464


 5.18248 2.06511 1.17464
 4.72876 1.80086 0.928316


 5.18248 2.06511 1.17464
 5.46002 2.06314 2.03158


 5.18248 2.06511 1.17464
 5.55354 1.92602 1.26639


 3.67679 0.578408 0.860172
 3.61599 0.863479 1.52279


 7.35433 0.813027 1.73643
 7.78736 0.501081 2.08109


 7.35433 0.813027 1.73643
 7.06085 0.827923 2.56074


 7.35433 0.813027 1.73643
 7.05342 0.638404 1.8751


 7.35433 0.813027 1.73643
 7.48422 0.716525 2.35586


 7.78736 0.501081 2.08109
 8.00396 0.701487 2.38688


 6.43244 1.3447 0.26727
 6.77314 1.27037 0.981879


 6.77314 1.27037 0.981879
 7.43639 1.16716 1.05143


 6.77314 1.27037 0.981879
 6.93018 1.45005 0.796849


 6.77314 1.27037 0.981879
 6.40374 1.00591 1.4853


 7.43639 1.16716 1.05143
 8.08695 1.10103 0.947218


 7.43639 1.16716 1.05143
 7.35433 0.813027 1.73643


 7.43639 1.16716 1.05143
 7.61288 1.59466 1.49051


 7.06085 0.827923 2.56074
 6.79626 1.35975 2.78475


 7.05342 0.638404 1.8751
 6.92162 0.535175 0.797891


 7.48422 0.716525 2.35586
 7.40306 0.662263 2.17761


 6.92162 0.535175 0.797891
 6.88282 0.763086 1.08399


 7.40306 0.662263 2.17761
 7.32685 0.532763 2.82161


 8.63484 1.31945 1.70348
 9.06473 1.58118 1.97025


 6.40374 1.00591 1.4853
 6.39795 0.699891 1.87186


 6.88282 0.763086 1.08399
 7.19288 0.872897 1.02825


 9.59084 0.856928 2.30235
 9.86474 0.668449 2.22548


 9.59084 0.856928 2.30235
 9.38662 0.882136 1.87568


 9.59084 0.856928 2.30235
 9.26029 0.968072 2.73211


 8.00396 0.701487 2.38688
 7.97021 0.798172 1.80136


